0.080994,-0.316886,-0.778308,-3.034099,0.066999,9.035298,-0.964955,0.032617,-0.175850,-0.192007,0.144736,-0.304370,-0.600227,-1.276855,1.646117,9.727167,-0.974863,-0.064048,-0.051216,-0.207146,-0.548080,-0.185176,-0.746027,-2.507933,-1.499633,8.666377,-0.983148,-0.048737,0.005903,-0.176071
0.083176,-0.374973,-0.936478,-3.158526,-0.267996,8.863015,-0.967606,0.034253,-0.170858,-0.182660,0.160699,-0.341619,-0.643861,-1.335449,1.478881,9.462275,-0.976281,-0.065788,-0.050422,-0.199989,-0.481033,-0.214975,-1.049333,-2.988280,-1.540527,8.537593,-0.985217,-0.043012,0.006961,-0.165650
0.084267,-0.442332,-1.074468,-3.436093,-0.411565,8.834301,-0.970180,0.036323,-0.166917,-0.171934,0.180920,-0.365032,-0.822652,-1.188354,1.485595,9.628290,-0.978038,-0.067584,-0.049449,-0.190841,-0.317141,-0.055340,-1.985858,-3.423460,-0.969848,9.135737,-0.988489,-0.038978,0.005528,-0.146051
0.092175,-0.485965,-1.221185,-3.656233,-0.382852,8.681161,-0.972773,0.037751,-0.163419,-0.159918,0.191562,-0.442721,-0.824780,-1.030273,1.652221,9.639277,-0.979735,-0.070281,-0.047568,-0.181410,-0.268187,0.011707,-1.998628,-2.722777,0.359497,11.007684,-0.991322,-0.035821,0.003121,-0.126407
0.071449,-0.488419,-1.332723,-3.455236,-0.660419,8.441878,-0.975422,0.039998,-0.159388,-0.146762,0.245838,-0.466134,-0.824780,-0.953369,1.748656,9.743036,-0.981319,-0.073775,-0.045390,-0.171761,-0.470391,-0.119194,-1.745341,-0.650024,2.188720,10.400995,-0.993441,-0.032911,0.003116,-0.109423
0.010090,-0.492783,-1.466077,-2.928815,-1.244268,8.020741,-0.978195,0.043472,-0.154050,-0.132303,0.296921,-0.516153,-0.789660,-0.786743,0.789184,9.962152,-0.982897,-0.075344,-0.041384,-0.162834,-0.448042,-0.443785,-2.247659,-0.394287,4.699704,8.628535,-0.995694,-0.030936,0.006810,-0.087071
-0.091630,-0.481056,-1.594795,-3.464807,-1.282553,7.838887,-0.980655,0.047759,-0.149602,-0.116815,0.290535,-0.593842,-0.765183,-0.300293,0.551758,10.263666,-0.984369,-0.077119,-0.035812,-0.154208,-0.358646,-0.187305,-1.331355,0.012207,6.557613,8.388667,-0.996790,-0.029591,0.008347,-0.073867
-0.153262,-0.389427,-1.605430,-4.163511,-0.918844,8.202596,-0.982613,0.051908,-0.146571,-0.101424,0.294792,-0.673659,-0.621512,0.370483,0.897216,10.184320,-0.985509,-0.079790,-0.028529,-0.146913,-0.075561,-0.190498,-0.751348,1.901244,8.192744,9.888910,-0.997250,-0.031008,0.010361,-0.066449
-0.105811,-0.170442,-1.454623,-3.522235,0.143569,8.470592,-0.983993,0.053708,-0.145562,-0.087610,0.330976,-0.826909,-0.326719,1.075439,1.720580,10.223383,-0.986005,-0.084430,-0.019210,-0.142436,0.088331,-0.207525,-0.251159,3.794554,5.991818,11.308587,-0.997282,-0.033779,0.013274,-0.064050
0.030271,0.067086,-1.234002,-2.277967,1.454836,8.977871,-0.985037,0.053320,-0.145344,-0.075663,0.363967,-1.036562,0.061725,2.352904,3.070067,9.423822,-0.985691,-0.090690,-0.007872,-0.141840,0.077689,-0.479969,-0.161763,1.524047,0.904540,10.070185,-0.997201,-0.035380,0.019828,-0.062740
0.202895,0.173169,-1.006019,-1.234697,1.205983,9.772287,-0.985836,0.051349,-0.145554,-0.065546,0.330976,-1.127022,0.346940,3.723753,4.106443,8.886104,-0.984808,-0.096877,0.004568,-0.144012,0.142607,-0.278829,0.092588,-2.026976,-2.604979,8.615718,-0.997112,-0.035297,0.021453,-0.063659
0.360247,0.082630,-0.880300,-0.794417,0.296710,10.336994,-0.986716,0.048163,-0.144521,-0.056370,0.334169,-1.116380,0.260737,3.541868,3.951414,8.905635,-0.983870,-0.103066,0.016794,-0.145211,0.139414,0.213911,-0.019156,-2.623290,-4.288328,9.507441,-0.997197,-0.034801,0.018281,-0.063595
0.411516,-0.136354,-0.846485,-1.033699,-0.966700,10.585847,-0.987821,0.045243,-0.141092,-0.047405,0.352261,-1.023792,-0.302242,2.042845,3.345945,9.529413,-0.983628,-0.109493,0.027206,-0.140496,0.122387,0.253287,-0.383124,-0.377807,-3.767698,11.397698,-0.997506,-0.033950,0.015306,-0.059885
0.351793,-0.340066,-0.865301,-1.445265,-1.971686,10.250853,-0.989004,0.043928,-0.135896,-0.038287,0.410794,-0.899276,-0.845001,1.114501,2.338866,10.333857,-0.984216,-0.115403,0.035152,-0.129451,0.056404,-0.042569,-0.400151,0.764770,-2.083739,11.304315,-0.997774,-0.032641,0.015946,-0.055840
0.228529,-0.397335,-0.907026,-1.828117,-2.143969,9.781859,-0.990033,0.044335,-0.130481,-0.028911,0.471455,-0.902469,-1.081260,0.649414,1.505736,10.961297,-0.984979,-0.120262,0.041870,-0.116587,0.119194,-0.304370,-0.840744,1.719970,0.634765,9.600824,-0.998080,-0.034280,0.020626,-0.047195
0.058632,-0.244346,-0.964022,-1.655833,-1.674976,9.628718,-0.990740,0.046244,-0.126177,-0.019162,0.505510,-0.724742,-1.100416,0.563965,0.725097,11.082147,-0.985567,-0.124844,0.046778,-0.104284,0.213911,-0.250095,-0.901405,1.152953,1.075439,8.830562,-0.998266,-0.037853,0.024319,-0.037846
-0.035452,-0.120264,-1.040107,-1.301695,-1.368695,9.207582,-0.991199,0.048736,-0.122737,-0.008766,0.483162,-0.408665,-0.746027,0.616455,0.132446,10.358271,-0.985804,-0.128574,0.049167,-0.096087,0.219232,0.211782,-0.601291,-0.877075,0.019531,8.965449,-0.998521,-0.039188,0.020145,-0.031722
-0.017181,-0.109083,-1.142918,-1.454836,-1.378266,8.700303,-0.991494,0.051440,-0.119493,0.002710,0.322462,-0.449106,-0.355454,0.620117,0.029297,9.313959,-0.985788,-0.130541,0.052667,-0.091643,0.197947,0.408665,-0.595970,-1.114501,-0.653076,9.942621,-0.998770,-0.039768,0.014357,-0.025734
0.052087,-0.073086,-1.188187,-1.445265,-1.129412,8.374879,-0.991675,0.053095,-0.116345,0.014704,-0.083010,-0.296921,-0.127708,0.747070,0.625610,8.599238,-0.986155,-0.128336,0.055360,-0.089186,0.214975,0.093652,-0.673659,-0.789794,-0.607299,10.679316,-0.998932,-0.040400,0.011945,-0.018728
0.128173,-0.035452,-1.184642,-1.320838,-0.899701,8.154739,-0.991760,0.053203,-0.113403,0.026692,-0.323527,-0.498061,0.064918,2.551878,1.735229,8.510737,-0.986212,-0.125274,0.062458,-0.088216,0.247966,0.154314,-1.165334,-0.787963,0.048828,10.141596,-0.999064,-0.041820,0.008363,-0.006628
0.215984,0.093266,-1.117283,-1.339981,-0.727418,8.193025,-0.991646,0.051634,-0.111861,0.038097,-0.257544,-0.750284,-0.173470,2.584227,2.028197,8.592525,-0.986133,-0.123627,0.071588,-0.084403,0.311820,0.235195,-1.521852,-0.003662,0.995483,9.425043,-0.998874,-0.046046,0.004605,0.010005
0.301069,0.261799,-1.052924,-1.320838,-0.698704,8.346166,-0.991283,0.048984,-0.112011,0.049031,-0.152185,-0.748155,-0.774761,2.043456,0.848999,8.509517,-0.986537,-0.121995,0.079200,-0.074707,0.341619,0.235195,-1.357961,0.419311,1.508178,8.969722,-0.998391,-0.051210,0.002563,0.024039
0.388063,0.375246,-0.976294,-1.282553,-0.574277,8.776874,-0.990750,0.045141,-0.113351,0.059323,-0.249030,-0.731128,-0.914176,2.509154,-0.309448,8.507075,-0.987019,-0.119171,0.086465,-0.064089,0.405473,0.266058,-1.172784,0.722045,1.296996,9.163814,-0.997764,-0.056171,0.001157,0.036076
0.452422,0.391881,-0.896390,-1.368695,-0.612563,9.150154,-0.990159,0.040661,-0.114789,0.068900,-0.504446,-0.794982,-0.706650,2.788084,-0.803222,9.093623,-0.987456,-0.113585,0.094662,-0.055314,0.438464,0.334169,-0.962066,0.501709,0.726928,9.771112,-0.997158,-0.059525,-0.001035,0.046071
0.478875,0.329976,-0.871028,-1.540978,-0.937986,9.494720,-0.989533,0.036829,-0.115434,0.078319,-0.748155,-0.620448,-0.747091,3.370359,-0.791015,9.963984,-0.988158,-0.105567,0.101326,-0.046089,0.405473,0.173470,-0.822652,0.337524,-0.291748,9.774775,-0.996599,-0.061725,-0.002601,0.054449
0.441241,0.221166,-0.910026,-1.435694,-1.272982,9.513863,-0.988816,0.034389,-0.115280,0.088109,-0.847129,-0.519345,-1.190876,3.637083,-0.274658,10.458979,-0.989009,-0.097080,0.106694,-0.032328,0.372481,0.114937,-0.636411,0.061645,-0.831298,9.950556,-0.996105,-0.063511,-0.003857,0.060970
0.378246,0.062723,-1.014745,-1.244268,-1.464407,9.255438,-0.988028,0.033064,-0.113733,0.098810,-0.846065,-0.685366,-1.363282,2.620848,0.368042,9.744257,-0.989473,-0.088806,0.113067,-0.016237,0.358646,0.083010,-0.780082,-0.023804,-0.960693,9.923090,-0.995474,-0.065133,-0.004951,0.068961
0.306251,-0.048269,-1.098467,-1.225125,-1.234697,8.863015,-0.987155,0.032490,-0.110994,0.110190,-0.751348,-0.673659,-1.589963,2.301634,1.326293,9.169916,-0.989438,-0.082911,0.118835,0.002860,0.328848,-0.063854,-0.902469,0.269165,-0.601806,9.849848,-0.994704,-0.066382,-0.004325,0.078302
0.259072,-0.058087,-1.108557,-1.148555,-0.870987,8.738588,-0.986197,0.031654,-0.107867,0.121529,-0.713036,-0.523602,-1.360089,2.159423,2.560423,8.836665,-0.989094,-0.078914,0.122881,0.018894,0.289471,-0.111744,-0.980158,-0.334472,-0.274048,9.733881,-0.993788,-0.067209,-0.003952,0.088569
0.243528,-0.056996,-1.062469,-1.177269,-0.679562,8.623733,-0.985185,0.030398,-0.104723,0.132328,-0.681109,-0.499125,-1.415429,2.678832,2.617796,8.612666,-0.988391,-0.075260,0.127169,0.035210,0.241581,-0.002128,-1.196197,-0.676269,0.522461,9.367670,-0.992510,-0.068103,-0.005664,0.101222
0.238892,-0.015544,-0.975475,-1.100698,-0.545564,8.556734,-0.984137,0.028698,-0.102047,0.142226,-0.706650,-0.516153,-1.150435,3.754270,1.879271,8.713374,-0.987469,-0.070068,0.132737,0.048672,0.222425,0.120258,-1.247280,-0.469360,0.726318,9.429926,-0.991000,-0.068807,-0.008283,0.114491
0.241892,0.043906,-0.855757,-1.177269,-0.478565,8.700303,-0.983109,0.026474,-0.100051,0.150920,-0.735385,-0.619383,-0.846065,3.191526,1.184081,8.356929,-0.986401,-0.063492,0.139404,0.059495,0.202204,0.192626,-1.113187,-0.361328,1.334228,9.280390,-0.989250,-0.071466,-0.010933,0.127081
0.260981,0.070359,-0.699768,-1.311267,-0.535992,8.757730,-0.982223,0.023857,-0.098320,0.158092,-0.746027,-0.384188,-0.755605,3.403929,0.687866,8.244624,-0.985590,-0.056231,0.143773,0.069073,0.213911,0.319270,-0.884377,-0.352173,1.175536,9.299311,-0.987740,-0.073020,-0.014298,0.137208
0.278980,0.055632,-0.546779,-1.253839,-0.660419,8.786445,-0.981527,0.021705,-0.096344,0.163839,-0.708779,-0.544887,-0.627897,3.460691,0.498657,8.104854,-0.984470,-0.048937,0.149770,0.077364,0.261801,0.416115,-0.622576,-0.712890,1.218261,9.470209,-0.986440,-0.075621,-0.019827,0.144278
0.269708,0.043361,-0.430605,-1.167697,-0.870987,8.776874,-0.980934,0.020509,-0.094601,0.168497,-0.608741,-0.393766,-0.930139,3.497313,0.494995,8.276973,-0.983127,-0.043237,0.154114,0.088497,0.278829,0.317141,-0.320334,-0.960693,0.895996,9.462885,-0.985650,-0.077493,-0.024108,0.147985
0.247346,0.052905,-0.335703,-1.215554,-1.071985,8.863015,-0.980399,0.019970,-0.093542,0.172223,-0.540630,-0.263930,-1.031241,3.794554,0.786132,8.363032,-0.981653,-0.038982,0.157332,0.100379,0.306499,0.385252,-0.276700,-1.291503,0.456543,9.551386,-0.984900,-0.079556,-0.028928,0.150991
0.220621,0.092448,-0.263436,-1.186840,-1.320838,8.949157,-0.979898,0.019738,-0.093267,0.175221,-0.404408,-0.157506,-1.059976,3.740232,0.785522,8.256221,-0.980106,-0.036250,0.159600,0.112237,0.307563,0.420372,-0.206461,-1.876830,0.437622,9.550776,-0.984171,-0.082077,-0.034378,0.153234
0.218984,0.075540,-0.197713,-1.100698,-1.512264,8.796016,-0.979509,0.019534,-0.092960,0.177567,-0.282022,-0.168149,-1.067425,3.786619,0.900268,8.348994,-0.978340,-0.034864,0.162099,0.123900,0.316077,0.351197,-0.320334,-1.807860,0.379638,9.289545,-0.983255,-0.084378,-0.039099,0.156691
0.203167,0.059450,-0.139081,-0.870987,-1.694118,8.853444,-0.979249,0.019392,-0.092361,0.179320,-0.139414,-0.170277,-0.896084,3.819578,0.999755,8.607783,-0.976615,-0.034666,0.164815,0.133603,0.361839,0.411858,-0.373546,-1.431274,0.335083,9.497065,-0.982207,-0.086749,-0.043840,0.160668
0.224711,0.050996,-0.106356,-0.468993,-1.617548,9.035298,-0.979107,0.018745,-0.091194,0.180759,-0.002128,-0.309692,-0.524667,3.497923,0.812988,8.596797,-0.975073,-0.034561,0.168978,0.139561,0.420372,0.426757,-0.321398,-1.196899,0.232544,9.497675,-0.981193,-0.089526,-0.048076,0.164092
0.243801,0.026725,-0.076904,-0.545564,-1.540978,9.513863,-0.979048,0.017868,-0.089691,0.181914,0.113873,-0.167084,-0.197947,3.636472,0.709838,7.752071,-0.974165,-0.035204,0.172253,0.141721,0.465070,0.506575,-0.264994,-0.765991,0.089722,9.842524,-0.980214,-0.092850,-0.052237,0.166801
0.223075,0.093266,-0.090266,-1.646262,-1.732404,10.174282,-0.978758,0.017579,-0.090339,0.183178,0.200076,0.130901,-0.296921,3.635862,2.010497,8.131099,-0.973559,-0.039046,0.172302,0.144781,0.498061,0.519345,-0.252223,-0.339355,-0.119629,10.651850,-0.979212,-0.096629,-0.056032,0.169291
0.068995,0.343884,-0.070086,-3.388237,-1.866402,11.552547,-0.978138,0.017240,-0.095305,0.184002,0.181984,0.323527,-0.218168,3.981931,3.637693,13.278191,-0.973586,-0.043425,0.169022,0.147198,0.508703,0.386316,-0.274572,-0.392456,-0.409546,12.025140,-0.978205,-0.100254,-0.058584,0.172116
-0.189532,0.488692,-0.184350,-3.273381,-1.483550,13.170095,-0.977084,0.019126,-0.102201,0.185710,0.278829,0.971644,0.741770,5.498044,3.479002,18.064566,-0.976000,-0.047700,0.159715,0.140116,0.403344,0.172406,-0.322462,-0.647583,-0.037842,13.214104,-0.977324,-0.102462,-0.059236,0.175564
-0.334340,0.050996,-0.408789,-2.287539,-0.478565,12.433106,-0.976358,0.020986,-0.102295,0.189239,0.512960,0.794982,0.823716,6.079098,3.541868,14.858390,-0.977769,-0.053538,0.154279,0.131493,0.192626,-0.136222,-0.803495,-0.021973,0.708007,13.056633,-0.975968,-0.102124,-0.057117,0.183807
-0.166897,-0.394881,-0.232892,-2.038685,1.205983,10.614561,-0.976394,0.021660,-0.098304,0.191085,0.753477,-0.251159,0.577878,2.653197,2.493895,6.267696,-0.977382,-0.061191,0.158932,0.125349,0.088331,-0.512960,-1.183426,2.064208,2.548827,12.087396,-0.974061,-0.101182,-0.051173,0.195808
0.169897,-0.529598,0.131445,-2.593820,1.808974,8.767303,-0.977233,0.018921,-0.093167,0.189655,0.693880,-0.040441,-0.655567,-1.801757,-2.235717,3.909300,-0.976352,-0.067839,0.158312,0.130627,0.150057,-1.193004,-0.731128,2.962034,4.340208,10.949090,-0.973055,-0.100480,-0.038087,0.203980
0.423788,-0.455422,0.418334,-3.244668,1.837688,8.030313,-0.978488,0.013459,-0.088846,0.185680,0.234131,0.718357,-0.694944,0.664672,-3.004149,6.297604,-0.976642,-0.070408,0.150376,0.136353,0.188369,-1.635725,0.175598,1.774901,3.409422,10.521845,-0.973749,-0.099518,-0.019680,0.203748
0.495237,-0.335158,0.592594,-3.589234,1.435694,7.963314,-0.979856,0.007148,-0.085949,0.180101,0.118130,0.573621,-0.481033,2.557982,2.068480,9.439692,-0.976678,-0.074852,0.143756,0.140793,0.085139,-1.863471,0.750284,0.826416,2.827147,9.699701,-0.975339,-0.097341,0.001258,0.198064
0.419970,-0.246528,0.581958,-3.081956,1.081556,8.049456,-0.981042,0.001440,-0.084069,0.174580,0.174534,0.866285,-0.986543,-0.565185,6.427608,11.057122,-0.976254,-0.080847,0.133774,0.149960,-0.220296,-1.626147,1.030177,0.288086,3.042601,9.675898,-0.977315,-0.093380,0.018904,0.189127
0.273253,-0.148353,0.436605,-2.517249,0.823131,8.796016,-0.981851,-0.003014,-0.083221,0.170366,0.106423,0.633218,-0.705586,-0.552978,3.357542,9.239496,-0.975952,-0.084949,0.125604,0.156574,-0.260737,-1.397337,1.038691,0.216064,2.802122,10.517572,-0.979029,-0.089625,0.033784,0.179777
0.256618,-0.126809,0.237801,-2.325824,0.641276,9.226724,-0.982273,-0.007188,-0.082598,0.168097,0.130901,0.689623,0.001064,1.009521,1.265258,8.995357,-0.976946,-0.086546,0.117262,0.155969,-0.190498,-1.437778,0.389509,0.887451,3.457029,11.525262,-0.979169,-0.086638,0.048842,0.176995
0.340885,-0.172351,0.155171,-2.153540,0.870987,9.379865,-0.982593,-0.012237,-0.081013,0.166705,0.161763,0.752412,-0.069175,0.966796,1.465453,8.366084,-0.977773,-0.088954,0.108171,0.156004,-0.227746,-1.856021,0.273508,-0.706176,2.459105,11.762078,-0.978848,-0.081600,0.064943,0.175989
0.417788,-0.219257,0.103902,-2.316252,1.359123,9.657433,-0.982827,-0.017957,-0.078743,0.165889,0.111744,0.803495,-0.645989,0.613403,2.409056,8.685298,-0.977484,-0.093165,0.098327,0.161767,-0.478905,-2.086960,0.022349,-0.924072,1.228027,10.452875,-0.977886,-0.072877,0.082574,0.177765
0.464967,-0.219530,0.129536,-1.741975,1.655833,9.801002,-0.983110,-0.024251,-0.075637,0.164856,0.072368,0.897148,-1.017406,0.468750,2.603758,9.360346,-0.976565,-0.097445,0.087093,0.170971,-0.739641,-1.769818,-0.096845,-0.941772,0.529785,9.452509,-0.976835,-0.062015,0.096593,0.180579
0.477238,-0.358883,0.155716,-1.703690,1.837688,9.092726,-0.983472,-0.030459,-0.071260,0.163611,0.093652,0.980158,-1.014213,0.123291,2.929075,8.997798,-0.975444,-0.102341,0.075318,0.179872,-0.983351,-1.295171,0.031927,-1.471557,0.742187,9.454340,-0.976337,-0.049916,0.105517,0.182020
0.456513,-0.499328,0.213530,-1.789831,1.818545,8.250452,-0.983944,-0.036240,-0.065873,0.161842,0.023413,1.065297,-0.876927,-0.339966,3.364866,8.595576,-0.974457,-0.106748,0.062924,0.187273,-1.034434,-1.181298,-0.012771,-0.676880,1.345824,10.064692,-0.975679,-0.037994,0.113206,0.183800
0.447241,-0.502873,0.244073,-1.694118,1.914258,7.762317,-0.984399,-0.041932,-0.060502,0.159784,-0.092588,0.955681,-0.667274,-0.612182,3.656614,8.804927,-0.973734,-0.109713,0.051675,0.192681,-0.831165,-1.463320,-0.404408,0.497436,1.143188,10.271601,-0.973720,-0.027905,0.123842,0.189062
0.435514,-0.430333,0.247891,-1.799403,1.885544,7.551748,-0.984742,-0.047542,-0.056137,0.157681,-0.147928,0.972708,-0.524667,-1.068115,3.421629,8.769526,-0.973248,-0.111894,0.040037,0.196614,-0.767312,-1.664459,-0.863092,0.744018,1.875609,9.650263,-0.970253,-0.019629,0.136820,0.198734
0.407153,-0.268617,0.294252,-1.741975,1.770689,7.724031,-0.985022,-0.053104,-0.053499,0.155053,-0.135158,1.046140,-0.336297,-0.792846,2.807616,8.919063,-0.973087,-0.114000,0.027722,0.198316,-0.612998,-1.567614,-0.913111,0.676269,2.542113,8.648677,-0.966385,-0.013503,0.149558,0.208665
0.376609,-0.111810,0.352066,-1.703690,1.646262,7.925029,-0.985273,-0.058560,-0.052570,0.151779,-0.153249,1.104673,-0.345876,-0.505371,2.246703,9.605707,-0.973047,-0.114898,0.014600,0.199387,-0.597034,-1.485669,-1.004635,0.799560,2.730711,7.475582,-0.962095,-0.007980,0.161757,0.219397
0.312796,0.042542,0.403607,-1.473979,1.464407,8.221739,-0.985516,-0.063670,-0.053176,0.147878,-0.125579,1.243023,-0.139414,-0.410156,2.083739,9.317621,-0.973380,-0.115891,0.000990,0.197715,-0.571493,-1.251537,-1.028049,0.833129,3.161009,6.877438,-0.957812,-0.003320,0.171910,0.230268
0.207258,0.042815,0.419424,-1.014557,1.311267,8.384451,-0.985888,-0.067918,-0.052529,0.143678,-0.120258,1.164270,-0.375674,-0.421753,1.685180,9.353632,-0.972918,-0.115120,-0.011415,0.200096,-0.531052,-0.814138,-0.674723,0.725708,3.048704,6.453854,-0.954834,0.000611,0.177872,0.238000
0.150262,-0.029452,0.326977,-1.033699,1.349552,8.202596,-0.986158,-0.071489,-0.051549,0.140416,-0.155378,1.137664,-0.326719,-0.545654,1.699218,9.332880,-0.972464,-0.113906,-0.023060,0.201988,-0.532116,-0.379931,-0.301178,0.556030,2.792357,6.343990,-0.953476,0.004266,0.179481,0.242164
0.088357,0.112628,0.428424,-0.918844,1.856830,8.135597,-0.986532,-0.074653,-0.051726,0.136006,-0.189433,1.021663,-0.380995,-0.711059,1.586303,9.210199,-0.971834,-0.112114,-0.033559,0.204535,-0.456556,-0.138350,0.178791,0.579834,2.419432,6.289059,-0.953720,0.007546,0.178815,0.241615
0.040633,0.084539,0.445059,-0.756132,1.818545,8.001599,-0.986984,-0.077177,-0.051293,0.131403,-0.202204,0.982287,-0.276700,-0.968017,1.398315,9.273676,-0.971304,-0.110120,-0.043930,0.206164,-0.304370,0.276700,0.506575,1.161498,2.070922,6.366573,-0.955456,0.008872,0.174695,0.237692
-0.034634,0.125718,0.442332,-0.411565,1.531407,8.240881,-0.987571,-0.078027,-0.050415,0.126744,-0.173470,1.019535,-0.442721,-1.041870,1.823119,9.385981,-0.970296,-0.109412,-0.052958,0.209147,-0.209654,0.400151,0.436335,1.530761,1.729735,6.244503,-0.957174,0.008787,0.169854,0.234267
-0.123537,0.112356,0.425151,-0.086142,0.976272,8.566305,-0.988301,-0.076430,-0.049521,0.122306,-0.209654,0.714100,-0.435271,-0.488281,1.733397,9.246820,-0.969407,-0.108092,-0.058920,0.212333,-0.167084,0.503382,0.399087,1.488036,1.442870,6.065670,-0.958961,0.008007,0.164050,0.231105
-0.206985,0.040088,0.300251,-0.191426,1.483550,7.867601,-0.988862,-0.075255,-0.048068,0.119034,-0.228810,0.676852,-0.354389,-0.086670,2.326048,9.097896,-0.968608,-0.107476,-0.064407,0.214686,-0.086203,0.693880,0.278829,1.839599,1.033325,6.234128,-0.960690,0.005737,0.156895,0.228948
-0.263163,0.157898,0.343884,0.153141,0.890130,9.006584,-0.989540,-0.072214,-0.047878,0.115306,-0.210718,0.580007,-0.744963,-0.004883,1.865844,9.174189,-0.967017,-0.105988,-0.069327,0.220976,-0.019156,1.022727,0.326719,2.786864,0.650024,7.072140,-0.962701,0.003840,0.148878,0.225872
-0.257436,-0.079903,0.058905,0.124427,1.052842,9.083155,-0.989964,-0.069114,-0.045426,0.114556,-0.236260,0.697072,-0.616191,0.108032,1.531982,9.385981,-0.965778,-0.104366,-0.075680,0.225042,0.084074,1.234509,0.484226,3.878172,-0.093994,8.544307,-0.965657,0.002060,0.138304,0.219924
-0.280889,-0.052905,0.028362,-0.459422,1.981257,9.054440,-0.990180,-0.067838,-0.043958,0.114022,-0.240517,0.742834,-0.783275,0.229492,2.341307,9.852289,-0.964000,-0.103298,-0.082545,0.230677,0.211782,1.436714,0.064918,4.514158,-1.481322,11.030267,-0.967838,-0.001428,0.125475,0.218024
-0.275707,-0.028634,0.135263,-0.593420,1.923829,9.791430,-0.990497,-0.066696,-0.042662,0.112423,-0.242645,0.451235,-0.536373,-0.489502,3.411253,9.597773,-0.962864,-0.102638,-0.086696,0.234168,0.069175,1.473962,-0.140479,8.051753,-2.291869,13.437492,-0.969297,-0.004107,0.112591,0.218544
-0.212985,-0.119173,0.089448,0.507278,1.684547,10.719846,-0.990869,-0.064711,-0.039684,0.111392,-0.219232,0.228810,-0.667274,-0.871582,3.250120,9.573359,-0.961565,-0.101625,-0.088923,0.239058,-0.121322,0.649182,0.777954,10.708002,-0.949096,14.200431,-0.971628,-0.002591,0.107732,0.210518
-0.102265,-0.275980,-0.082630,0.689133,2.076970,10.537991,-0.990991,-0.064015,-0.035235,0.112204,-0.150057,0.146864,-0.545951,-0.931396,2.907713,10.527338,-0.960613,-0.100852,-0.089975,0.242790,0.046826,-0.550208,0.618319,6.860348,1.979369,10.688471,-0.972192,-0.001337,0.115078,0.203937
-0.007636,0.003818,0.117264,-1.847259,2.182254,12.892529,-0.990980,-0.065416,-0.036568,0.111057,-0.096845,-0.194755,0.095781,0.020752,4.533689,11.431268,-0.961368,-0.100552,-0.086817,0.241072,0.141543,-0.120258,-0.045762,2.406615,4.441526,9.244379,-0.971940,-0.004421,0.117092,0.203947
0.166352,0.346884,0.192259,-4.536792,3.349952,15.113068,-0.990803,-0.068539,-0.041387,0.109043,-0.064918,-0.488483,0.345876,-1.419067,6.851803,13.768303,-0.962813,-0.100580,-0.081015,0.237282,0.693880,0.907790,0.635347,-3.759153,7.355342,16.345205,-0.974324,-0.013829,0.108498,0.196775
0.288797,0.370064,0.432514,-3.637090,4.278367,13.562519,-0.990734,-0.073571,-0.045598,0.104618,0.053212,-0.851386,1.112123,-0.597534,7.292476,14.766837,-0.966133,-0.101371,-0.070453,0.226580,0.774761,0.467198,1.414365,-7.006222,4.931027,14.797965,-0.977545,-0.021806,0.103998,0.181952
0.239983,-0.154353,0.587685,-3.732803,3.637090,10.748559,-0.991050,-0.077458,-0.044758,0.099038,0.206461,-1.419686,1.634661,0.344848,3.685301,14.727164,-0.970687,-0.101595,-0.052997,0.211253,0.122387,0.305435,0.738577,-1.972045,0.026855,10.502314,-0.979402,-0.022720,0.099483,0.174215
-0.090539,-0.406607,0.606229,-3.359523,2.000400,8.374879,-0.991732,-0.077184,-0.042171,0.093397,0.091524,-2.146557,2.734013,0.429687,0.183105,14.232780,-0.977243,-0.097902,-0.028213,0.186030,-0.297985,0.551272,0.035120,2.077636,2.958372,6.022946,-0.979976,-0.022417,0.094574,0.173758
-0.431151,-0.255527,0.519781,-2.660819,0.306281,6.527620,-0.992571,-0.072442,-0.041577,0.088420,-0.039377,-2.992621,3.151192,1.161498,-1.419067,11.309197,-0.983226,-0.090936,0.004772,0.158006,-0.312884,1.430328,3.907861,-2.361449,-0.012207,4.928586,-0.987477,-0.018238,0.078861,0.135387
-0.605411,-0.158443,0.317432,-2.057827,-0.315853,5.675776,-0.993315,-0.065395,-0.042017,0.085296,-0.110680,-3.010713,2.573314,-1.708983,-0.811157,9.008784,-0.986630,-0.083426,0.035216,0.135472,0.300114,1.686808,2.126336,-1.955565,0.805053,8.889155,-0.991363,-0.022246,0.061047,0.113883
-0.591776,-0.057541,0.161170,-1.607977,-0.114855,6.939186,-0.993845,-0.058226,-0.043348,0.083637,-0.012771,-2.928768,1.000378,-3.280638,1.621093,8.861690,-0.986570,-0.079252,0.062940,0.128175,0.718357,1.245152,-0.987608,-1.394652,0.550537,11.712640,-0.990772,-0.031522,0.047313,0.123004
-0.448059,0.113446,0.204531,-1.780260,0.354138,8.939586,-0.994177,-0.052968,-0.046463,0.081485,0.088331,-2.403037,0.641732,-2.493895,5.045163,10.230707,-0.985475,-0.078127,0.085949,0.123851,0.439528,1.038691,-0.893955,-0.502319,-2.081298,11.571038,-0.990029,-0.035928,0.036164,0.131283
-0.323431,0.144535,0.409334,-2.029114,0.698704,9.628718,-0.994510,-0.049746,-0.049909,0.077300,0.297985,-1.779397,1.008892,-0.861816,4.820554,10.771479,-0.984751,-0.079610,0.103470,0.114945,-0.090460,0.484226,0.755605,1.499023,-0.232544,9.945063,-0.991308,-0.033829,0.032487,0.122882
-0.312250,0.082358,0.543779,-2.019542,0.947558,9.351151,-0.994903,-0.047286,-0.052655,0.071768,0.589585,-1.456934,1.378181,-0.004272,3.906858,10.180048,-0.984173,-0.083853,0.118313,0.101810,-0.153249,0.641732,1.378181,1.730346,1.225585,8.670650,-0.993147,-0.033205,0.028210,0.108408
-0.349611,-0.052087,0.571595,-1.579263,0.928415,8.575876,-0.995351,-0.044754,-0.053972,0.065964,0.875863,-1.265372,1.694258,-1.247558,3.533323,9.433588,-0.983531,-0.090219,0.131370,0.085204,0.112809,0.949295,0.943974,2.205199,1.156005,9.394526,-0.994306,-0.035377,0.021139,0.098223
-0.336249,-0.068722,0.539689,-1.502693,0.765703,8.796016,-0.995752,-0.041924,-0.055230,0.060507,0.834358,-1.239831,1.520788,-1.772460,3.021849,8.540645,-0.982403,-0.096115,0.143814,0.070396,0.186241,0.969516,1.385630,1.394652,0.996093,10.360712,-0.995688,-0.038080,0.014037,0.083364
-0.306523,-0.064632,0.523326,-1.387837,0.401994,8.987442,-0.996166,-0.037913,-0.056137,0.055284,0.834358,-1.089774,1.210032,-0.053101,2.328490,8.169551,-0.980948,-0.102365,0.154386,0.058463,0.083010,0.655567,1.679359,0.973510,0.536499,10.129389,-0.997043,-0.038436,0.009943,0.065725
-0.333522,-0.035179,0.548688,-1.292124,-0.009571,8.949157,-0.996604,-0.033059,-0.056581,0.049777,0.864157,-0.975901,1.077003,0.835571,2.022704,7.999873,-0.979328,-0.108913,0.163637,0.047632,0.063854,0.268187,1.032305,-0.758056,0.498657,9.589838,-0.997704,-0.038736,0.005756,0.055171
-0.356702,-0.032452,0.534507,-0.985843,-0.239282,8.757730,-0.997038,-0.027798,-0.056262,0.044373,0.903533,-0.651310,1.163206,0.729980,2.041014,7.800899,-0.978002,-0.115789,0.169791,0.035597,0.107487,0.114937,0.812009,-1.060180,0.768432,8.888545,-0.998082,-0.040064,0.002997,0.047006
-0.333522,-0.123537,0.508873,-0.727418,-0.124427,8.307880,-0.997485,-0.022838,-0.054346,0.039234,0.829037,-0.356518,1.398401,0.292969,1.778563,7.784420,-0.977138,-0.121323,0.173291,0.021069,0.157506,0.239452,0.835422,-1.381835,0.740966,9.179071,-0.998374,-0.041818,-0.000981,0.038609
-0.257436,-0.140717,0.473693,-0.918844,0.248854,7.752745,-0.997747,-0.018957,-0.054233,0.034512,0.653439,-0.288407,1.362217,0.134277,1.012573,7.482906,-0.976406,-0.124698,0.176137,0.007069,0.175598,0.458684,0.798174,-0.764160,0.906372,9.321894,-0.998527,-0.044174,-0.007110,0.030546
-0.187077,-0.021271,0.441786,-0.823131,0.382852,7.810173,-0.997942,-0.019196,-0.053309,0.029891,0.491675,-0.258608,1.016342,0.339355,0.056152,7.285762,-0.975751,-0.126556,0.178531,-0.003402,0.191562,0.516153,0.747091,-0.249023,0.405273,9.430536,-0.998668,-0.044368,-0.012335,0.023089
-0.117537,0.098993,0.409880,-0.756132,-0.066999,8.288737,-0.998091,-0.016393,-0.053588,0.025808,0.342683,-0.101102,0.655567,0.701904,-1.128539,7.119136,-0.975466,-0.127173,0.179376,-0.010412,0.202204,0.701329,0.394830,0.281372,0.751342,9.488520,-0.998598,-0.046233,-0.017160,0.019032
-0.054269,0.141535,0.367883,-0.660419,-0.468993,8.748159,-0.998174,-0.014210,-0.054277,0.022174,0.196883,0.134093,0.432078,0.792846,-1.293334,7.312618,-0.975770,-0.126709,0.177695,-0.015287,0.221360,0.785403,0.196883,0.010376,1.208495,9.210810,-0.998325,-0.050025,-0.023456,0.016929
0.009545,0.091630,0.304614,-0.200997,-0.373280,8.834301,-0.998286,-0.013225,-0.053615,0.019175,0.117066,0.436335,0.317141,1.173095,-0.473022,7.705074,-0.976709,-0.125676,0.172820,-0.019234,0.259673,0.751348,0.259673,-0.277710,1.054077,9.266962,-0.998010,-0.053921,-0.029181,0.014444
0.056996,0.073904,0.226347,-0.095713,-0.047856,8.968299,-0.998388,-0.013311,-0.052425,0.016946,0.072368,0.550208,0.205397,1.900634,0.358276,7.329097,-0.977866,-0.124221,0.166881,-0.022128,0.316077,0.701329,0.378867,-0.224609,0.532837,9.387201,-0.997783,-0.055667,-0.034799,0.010563
0.110719,-0.024816,0.191441,-0.009571,0.497707,8.863015,-0.998507,-0.015054,-0.050219,0.015043,0.005321,0.528924,0.164956,2.697142,0.761718,6.847530,-0.978835,-0.121969,0.162462,-0.024554,0.328848,0.734320,0.146864,-0.238037,0.580444,9.557489,-0.997464,-0.057615,-0.040689,0.009020
0.148080,0.009817,0.204258,0.047856,0.172283,9.092726,-0.998609,-0.016427,-0.048288,0.013058,-0.094717,0.903533,0.050019,3.138426,1.489867,6.954342,-0.980161,-0.120029,0.155484,-0.026324,0.317141,0.847129,0.180920,-0.318603,0.476684,9.418329,-0.997064,-0.059344,-0.047825,0.006853
0.176442,-0.083994,0.127900,0.019143,0.047856,9.025727,-0.998733,-0.017706,-0.045490,0.011875,-0.284150,1.182362,-0.187305,4.126585,3.632810,7.919307,-0.981975,-0.118664,0.144884,-0.025366,0.339490,0.932268,-0.071304,-0.236206,0.321655,9.614862,-0.996527,-0.061246,-0.055873,0.007171
0.149444,-0.122446,0.069813,-0.076570,-0.277567,9.293723,-0.998859,-0.017981,-0.042677,0.011297,-0.237324,1.206840,0.258608,5.584713,5.390012,8.144526,-0.983539,-0.117064,0.134565,-0.028821,0.377802,1.002507,-0.308627,0.028076,-0.064697,9.295649,-0.995831,-0.063437,-0.064720,0.009939
0.093266,-0.205076,0.169897,0.057428,0.459422,9.006584,-0.999017,-0.019282,-0.038621,0.009628,-0.070239,1.204711,1.222803,5.888669,6.037594,10.038446,-0.984440,-0.115845,0.125263,-0.041942,0.360775,1.191940,-0.029799,0.061035,0.932006,9.742426,-0.994927,-0.066680,-0.074648,0.009697
0.090266,-0.197440,0.228802,0.047856,0.736989,9.370294,-0.999140,-0.021118,-0.034797,0.007347,0.197947,1.079132,0.915240,4.879148,3.890989,11.109002,-0.984794,-0.117309,0.117046,-0.052077,0.320334,1.001443,0.501253,-1.003417,0.745849,9.768671,-0.994157,-0.068843,-0.082976,0.004436
0.070631,-0.196077,0.247073,0.086142,0.727418,9.418150,-0.999247,-0.022699,-0.030953,0.004878,0.384188,1.096159,-0.675788,3.754270,3.529661,10.987542,-0.985638,-0.122626,0.106379,-0.046437,0.220296,0.970580,0.495932,-0.125122,2.606200,9.655756,-0.993209,-0.072754,-0.090730,-0.001105
0.081540,-0.145353,0.265345,0.200997,0.430708,9.887143,-0.999339,-0.023543,-0.027441,0.002241,0.272444,-0.100038,-0.676852,3.887937,2.673338,8.864131,-0.985225,-0.126646,0.108206,-0.039705,0.210718,0.814138,0.499125,-0.684814,1.256103,10.239862,-0.992484,-0.074876,-0.096542,-0.006361
0.010908,-0.096811,0.253891,-1.282553,-0.449851,11.255837,-0.999373,-0.022066,-0.027537,-0.000198,-0.112809,-0.232003,0.118130,3.579710,1.143798,11.036370,-0.985143,-0.123863,0.111830,-0.040446,0.188369,0.748155,0.765183,-1.806640,-0.538330,10.734858,-0.991693,-0.075507,-0.103144,-0.014018
-0.300251,0.226075,0.245710,-2.785246,-0.803988,14.624932,-0.999339,-0.017949,-0.031352,-0.002718,-0.071304,0.054276,1.315391,1.536254,0.922241,16.636343,-0.984995,-0.120121,0.111863,-0.053233,0.249030,0.710907,0.499125,-1.870116,-1.699218,13.041985,-0.990862,-0.076503,-0.109416,-0.018944
-0.741492,0.376882,0.045542,-1.952543,-0.488136,15.562919,-0.999285,-0.009075,-0.036443,-0.003403,-0.025542,1.256858,1.669781,-0.659179,0.694580,19.999378,-0.985632,-0.116142,0.100012,-0.070914,-0.071304,-0.155378,0.510832,-1.580810,-0.104980,14.049065,-0.991219,-0.074787,-0.106420,-0.023640
-0.908662,-0.093811,-0.187896,-2.335395,0.277567,12.959527,-0.999291,0.000022,-0.037483,-0.001831,0.003193,1.112123,-0.749220,-2.657469,-0.029297,11.458123,-0.987457,-0.115197,0.086532,-0.064516,-0.507639,-0.552337,0.262865,-2.242430,1.052245,13.016350,-0.992314,-0.068561,-0.099718,-0.025693
-0.650135,-0.542961,-0.161988,-2.440679,0.009571,9.676575,-0.999395,0.006562,-0.034038,-0.000457,0.079817,0.576814,-0.387381,4.984128,-1.459960,6.069943,-0.988068,-0.114879,0.082025,-0.061536,-0.624704,-0.074496,-0.269251,-0.986328,2.677611,12.681267,-0.992979,-0.063064,-0.097268,-0.023367
-0.284434,-0.690769,0.000818,-2.593820,-0.086142,7.704889,-0.999527,0.009386,-0.029127,-0.000621,0.261801,0.510832,-1.724056,-0.335693,-1.630858,1.849364,-0.989334,-0.116698,0.074362,-0.045403,-0.274572,-1.265372,0.660888,1.343993,4.221799,9.536737,-0.994150,-0.062653,-0.082791,-0.029622
0.107447,-0.653135,0.332976,-3.034099,0.287139,6.537191,-0.999654,0.007906,-0.024604,-0.004006,-0.375674,0.830101,-1.587835,-5.215451,0.242920,5.399167,-0.991116,-0.113393,0.062546,-0.030183,-0.061725,-1.669781,1.075939,0.575561,4.376829,8.409419,-0.995000,-0.065142,-0.064508,-0.039519
0.463330,-0.526326,0.645226,-3.148955,0.698704,6.058627,-0.999711,0.002566,-0.021337,-0.010411,-0.653439,1.049333,-1.269629,-3.109740,2.826536,10.258173,-0.992825,-0.107548,0.048929,-0.018142,-0.040441,-1.650625,1.267501,1.227416,3.280638,7.166133,-0.995324,-0.067706,-0.045937,-0.051251
0.544870,-0.308705,0.709858,-3.129812,0.564706,6.278767,-0.999632,-0.003451,-0.020286,-0.017410,-0.290535,0.847129,-1.216418,0.625000,6.246335,11.095574,-0.993468,-0.107016,0.038935,-0.006704,-0.159635,-1.246216,1.597413,1.343383,4.426267,6.585690,-0.994877,-0.069260,-0.031493,-0.066500
0.316614,-0.001909,0.551960,-2.517249,0.401994,6.843473,-0.999462,-0.007001,-0.022281,-0.022861,-0.153249,0.624704,-0.064918,1.813353,3.671873,9.985346,-0.993650,-0.107088,0.033752,-0.006720,-0.201140,-1.354768,1.037627,-1.203613,2.061156,8.830562,-0.994491,-0.069836,-0.018597,-0.075870
0.023726,0.193622,0.358883,-1.952543,0.258425,7.475178,-0.999276,-0.007407,-0.026189,-0.026443,-0.196883,0.502318,0.575750,-1.448363,0.349121,8.456416,-0.994128,-0.103753,0.027803,-0.012783,-0.269251,-1.642111,0.817330,-3.408812,2.033690,10.361933,-0.994187,-0.068734,-0.003476,-0.082751
-0.121900,0.345793,0.212167,-1.320838,0.411565,8.767303,-0.999067,-0.006696,-0.031516,-0.028619,-0.218168,0.523602,0.091524,-2.368163,0.507202,8.231807,-0.994592,-0.100709,0.020902,-0.014099,-0.421436,-1.393080,0.551272,-2.666625,4.372556,11.681512,-0.993920,-0.066977,0.009632,-0.086809
-0.081812,0.354520,0.142899,-1.253839,0.248854,10.365707,-0.998839,-0.006063,-0.037004,-0.030088,-0.150057,0.626833,-0.395894,-1.410522,1.043701,8.748775,-0.995002,-0.098449,0.012454,-0.010739,-0.305435,-2.162520,0.614062,-2.246703,2.550658,11.389764,-0.993202,-0.066308,0.029974,-0.090812
0.047451,0.336249,0.112628,-1.349552,-0.019143,11.657832,-0.998602,-0.005709,-0.042209,-0.031173,-0.125579,0.783275,-0.842872,-0.346679,1.566772,9.475702,-0.995338,-0.096312,0.002113,-0.003489,-0.368224,-1.854957,0.276700,-0.935058,2.097167,12.357781,-0.992596,-0.064613,0.047143,-0.091364
0.207803,0.154080,0.104992,-0.516850,0.057428,11.552547,-0.998575,-0.007393,-0.041853,-0.032140,-0.169213,0.756669,-0.853514,-0.027466,2.477416,9.868158,-0.995316,-0.096346,-0.006568,0.003417,-0.357582,-1.727249,0.112809,0.646972,1.243285,12.083734,-0.991997,-0.062084,0.063501,-0.089700
0.411243,-0.064086,0.089448,-0.430708,0.363709,10.001999,-0.998593,-0.012463,-0.039561,-0.032909,-0.164956,0.668338,-0.626833,-0.930786,3.334959,9.921259,-0.995196,-0.096343,-0.014815,0.008645,-0.324591,-1.901783,-0.236260,0.418091,0.820312,10.900872,-0.991268,-0.059992,0.080946,-0.085015
0.547870,-0.136354,0.020453,-0.650848,0.631705,8.374879,-0.998514,-0.019983,-0.038409,-0.032957,-0.135158,0.415051,-0.243709,-1.173095,3.153685,9.179071,-0.995060,-0.096600,-0.020259,0.010267,-0.324591,-1.790039,-0.598099,-0.255737,1.234740,9.965815,-0.990566,-0.058822,0.096715,-0.077176
0.600502,-0.073086,-0.053451,-0.708275,1.129412,7.838887,-0.998353,-0.027946,-0.038234,-0.032244,-0.100038,0.325655,0.051083,-0.603637,3.048094,8.994136,-0.994908,-0.097491,-0.023796,0.008856,-0.263930,-1.612312,-0.557658,-0.274658,0.800781,8.291011,-0.989696,-0.057822,0.110650,-0.070041
0.567505,-0.022907,-0.091630,-0.344566,1.263410,7.829316,-0.998167,-0.035512,-0.037698,-0.031192,-0.054276,0.431014,0.043634,-0.200195,2.583006,8.985591,-0.994705,-0.098709,-0.027564,0.007136,-0.194755,-1.316455,-0.815202,-0.181274,0.899658,7.625118,-0.989058,-0.057746,0.121420,-0.060649
0.470148,0.076904,-0.101993,-0.248854,1.512264,7.886744,-0.997933,-0.042040,-0.038036,-0.030115,-0.041505,0.471455,-0.137286,0.265503,1.773070,8.840938,-0.994653,-0.098327,-0.030627,0.007091,-0.157506,-0.953552,-0.882249,-0.036621,0.879516,6.589352,-0.988697,-0.057988,0.128515,-0.050892
0.357792,0.161170,-0.099266,-0.019143,1.617548,7.867601,-0.997698,-0.047262,-0.038814,-0.029162,-0.092588,0.592777,-0.403344,0.653686,1.631469,8.924556,-0.994604,-0.097086,-0.034959,0.010306,-0.121322,-0.630026,-0.857771,0.403442,1.219482,5.872189,-0.988536,-0.059030,0.132539,-0.041684
0.251164,0.190623,-0.098175,0.239282,1.674976,8.039884,-0.997503,-0.051161,-0.039504,-0.028295,-0.189433,0.645989,-0.453363,0.600586,2.019042,9.108272,-0.994533,-0.095448,-0.039884,0.013919,-0.119194,-0.276700,-0.702393,0.626831,1.242065,6.019894,-0.988691,-0.059799,0.133180,-0.034199
0.139354,0.172897,-0.073358,0.315853,1.789831,8.336594,-0.997360,-0.053892,-0.039902,-0.027725,-0.240517,0.666209,-0.410794,0.142822,2.557372,9.002070,-0.994356,-0.094293,-0.045442,0.017075,-0.102166,-0.038312,-0.370353,1.047363,1.617431,6.437984,-0.988915,-0.060768,0.132062,-0.030103
0.052633,0.128445,-0.025635,0.354138,2.029114,8.528020,-0.997254,-0.055863,-0.039888,-0.027647,-0.252223,0.690687,-0.369289,0.004883,3.123167,8.843989,-0.994086,-0.093408,-0.051648,0.019802,-0.098974,0.030863,-0.178791,1.013793,1.985472,6.426998,-0.989117,-0.061670,0.130596,-0.027937
-0.000818,0.032998,0.037634,0.267996,2.201397,8.671589,-0.997183,-0.057465,-0.039013,-0.028171,-0.253287,0.752412,-0.244773,-0.164795,3.306273,8.713374,-0.993745,-0.092671,-0.058509,0.021223,0.072368,0.658760,-0.607677,2.035521,2.241210,7.387691,-0.989949,-0.064958,0.123620,-0.022161
-0.017181,0.040088,0.122991,-0.172283,2.287539,8.977871,-0.997058,-0.059188,-0.038626,-0.029538,-0.275636,0.776890,-0.079817,-0.213623,3.378904,8.751826,-0.993409,-0.091744,-0.065503,0.020555,0.169213,0.543823,-0.538502,2.962034,2.050780,8.585200,-0.990360,-0.068702,0.118965,-0.0174850.020726,0.015544,0.223348,-0.784846,2.163112,9.092726,-0.996840,-0.061438,-0.038909,-0.031822,-0.272444,0.717293,0.089396,-0.333862,3.239744,8.752437,-0.993104,-0.090907,-0.071700,0.018219,0.084074,0.384188,-0.130901,5.639645,1.817626,10.414423,-0.990533,-0.069854,0.116938,-0.016804
0.071722,0.049360,0.318795,-1.014557,1.875973,9.274581,-0.996523,-0.064027,-0.040107,-0.035012,-0.208590,0.626833,-0.008514,-0.648803,2.766722,8.964839,-0.992765,-0.090520,-0.077019,0.016823,-0.050019,0.466134,-0.273508,5.534054,1.345824,11.956170,-0.990942,-0.069339,0.114016,-0.014747
0.151898,0.024271,0.383972,-0.574277,1.502693,9.427721,-0.996187,-0.067448,-0.039236,-0.038919,-0.147928,0.471455,0.030863,-0.953979,2.545165,9.086299,-0.992471,-0.090711,-0.080858,0.015062,-0.128772,0.257544,-0.214975,3.667600,1.918334,10.914300,-0.991109,-0.068871,0.113030,-0.013236
0.246255,-0.002182,0.367610,-0.086142,0.775275,9.772287,-0.996013,-0.068774,-0.037553,-0.042541,-0.037248,0.292664,0.088331,-1.026000,2.042235,9.293207,-0.992312,-0.091385,-0.082451,0.012622,0.008514,0.514024,0.727935,-1.929320,2.664793,7.487178,-0.991692,-0.068849,0.106621,-0.020735
0.342248,-0.038997,0.318523,-0.325424,0.076570,10.030712,-0.995803,-0.070443,-0.036486,-0.045536,0.056404,0.137286,0.076625,-0.715942,1.217651,9.949945,-0.992376,-0.091101,-0.082231,0.010950,0.254352,1.384566,1.195133,-0.911865,4.619748,5.358274,-0.992552,-0.071524,0.092648,-0.033644
0.341975,-0.117264,0.259072,-1.148555,0.306281,9.839287,-0.995593,-0.072148,-0.036009,-0.047796,0.096845,-0.088331,0.108552,-0.082397,1.208495,10.838006,-0.992588,-0.091348,-0.079477,0.009938,0.624704,1.317520,0.173470,-0.675048,3.463743,6.489254,-0.993148,-0.078653,0.078224,-0.036648
0.209440,-0.162534,0.213530,-1.454836,0.602991,9.542577,-0.995460,-0.072928,-0.035689,-0.049581,0.117066,-0.291600,0.146864,1.228027,1.705932,11.602777,-0.992895,-0.092333,-0.074499,0.008684,0.721550,1.974151,0.063854,1.511840,0.527954,12.014764,-0.994069,-0.083163,0.057815,-0.039501
0.070359,-0.092721,0.091084,-1.560120,0.689133,9.839287,-0.995452,-0.072341,-0.036184,-0.050243,0.153249,-0.638539,0.255416,2.152098,2.510375,11.309197,-0.993337,-0.094217,-0.065999,0.006359,0.423564,1.845379,2.796803,-2.944945,-1.605224,13.211662,-0.993280,-0.083686,0.040133,-0.069079
0.027271,-0.138808,0.049906,-1.741975,0.143569,9.504292,-0.995532,-0.071146,-0.036019,-0.050486,0.234131,-1.287721,0.478905,2.310179,2.876585,10.881951,-0.993958,-0.097195,-0.050853,0.002474,0.342683,1.048269,0.045762,-1.009521,-2.015990,11.946404,-0.993504,-0.084554,0.028723,-0.070477
0.039543,-0.137717,0.032180,-1.311267,-0.736989,8.958728,-0.995655,-0.069725,-0.035221,-0.050591,0.345876,-1.814516,0.643861,2.736204,2.052001,10.902703,-0.994432,-0.100875,-0.030239,-0.002450,0.269251,1.153628,-0.396959,0.345459,-0.665283,11.657098,-0.993988,-0.084573,0.016539,-0.067474
0.021817,-0.146171,-0.040633,-0.880559,-1.196411,8.681161,-0.995845,-0.068033,-0.033977,-0.050002,0.409729,-2.089088,2.208282,0.722045,0.495605,10.868524,-0.994281,-0.104139,-0.006055,-0.022680,0.361839,0.882249,-0.455491,0.413208,1.607665,9.783930,-0.994245,-0.087164,0.007015,-0.061819
-0.011999,-0.069540,0.019908,0.009571,-1.071985,8.528020,-0.996014,-0.066059,-0.032721,-0.050137,0.541694,-2.445606,3.112880,-2.554930,-1.609496,10.222773,-0.992570,-0.108538,0.020306,-0.051027,0.543823,0.703458,-0.867349,-0.336914,2.537840,8.004756,-0.994132,-0.093899,-0.002017,-0.053586
0.041179,-0.121900,0.074995,0.172283,-0.277567,7.838887,-0.996131,-0.064815,-0.030545,-0.050802,0.399087,-2.150814,2.531809,0.010376,-1.190795,9.586176,-0.990077,-0.111089,0.043998,-0.073906,0.728999,0.841808,0.458684,-0.427246,2.421874,7.759395,-0.992939,-0.102387,-0.011322,-0.058752
0.045269,0.030816,0.110174,0.172283,0.373280,8.470592,-0.996167,-0.063840,-0.029452,-0.051956,0.218168,-1.994372,1.770883,2.161254,-0.093384,11.060174,-0.987433,-0.112147,0.066423,-0.089322,0.681109,1.116380,1.039755,-0.357666,1.366576,9.488520,-0.991575,-0.106773,-0.022365,-0.069786
-0.068722,0.202895,0.110992,0.392423,0.488136,9.695718,-0.996211,-0.061867,-0.029805,-0.053282,0.303306,-1.470769,0.733256,1.323241,2.217406,11.678460,-0.985646,-0.115003,0.080247,-0.093963,0.594906,1.227060,1.589963,-0.758667,-0.440674,11.230462,-0.989567,-0.110220,-0.033384,-0.086515
-0.159534,0.115083,0.033816,0.373280,0.086142,10.174282,-0.996382,-0.058715,-0.029567,-0.053778,0.495932,-1.488861,0.219232,2.214354,4.093015,11.112054,-0.983382,-0.122944,0.094684,-0.094190,0.703458,0.799239,0.731128,-0.824584,-0.965576,11.389153,-0.988061,-0.114813,-0.041065,-0.094115
-0.235074,-0.007636,-0.023726,-0.105284,-0.124427,9.934999,-0.996656,-0.054517,-0.028680,-0.053600,0.736449,-1.436714,0.600227,2.455443,3.964231,10.531610,-0.980222,-0.132778,0.108841,-0.098391,0.723678,0.394830,0.012771,-0.661621,0.476074,10.206903,-0.987303,-0.119742,-0.045457,-0.093913
-0.343339,-0.149444,0.016635,-0.488136,0.717847,9.475577,-0.996976,-0.049197,-0.026885,-0.053737,0.643861,-1.417558,1.038691,3.103026,3.450315,10.571894,-0.976411,-0.140883,0.124138,-0.106564,0.588521,0.288407,-0.058533,-0.539550,1.713866,9.581903,-0.986816,-0.123707,-0.048399,-0.092410
-0.372246,-0.160625,-0.015544,-0.641276,0.957129,8.489735,-0.997127,-0.046222,-0.026971,-0.053523,0.455491,-1.551651,1.679359,2.497557,1.835936,9.617914,-0.972184,-0.143138,0.140766,-0.120606,0.459748,0.485290,0.081946,-0.716552,1.992797,9.645990,-0.986232,-0.126383,-0.053226,-0.092364
-0.353975,-0.088085,-0.203713,-1.119841,0.459422,8.059027,-0.997410,-0.041798,-0.027786,-0.051439,0.197947,-1.528238,1.333483,4.762570,1.259765,9.688715,-0.967838,-0.143950,0.158941,-0.131517,0.407601,0.701329,0.254352,-0.952758,1.880492,9.489130,-0.985381,-0.128316,-0.060286,-0.094426
-0.370882,-0.063541,-0.361065,-0.181855,-0.545564,8.729017,-0.997841,-0.036103,-0.026616,-0.047885,0.084074,-1.699579,1.252602,5.431515,2.469481,10.504755,-0.962916,-0.144940,0.178825,-0.140711,0.252223,0.918433,0.100038,-2.437132,0.910644,9.053950,-0.984538,-0.128518,-0.070595,-0.095790
-0.379609,-0.097084,-0.400062,0.995414,-1.368695,8.910872,-0.998260,-0.030686,-0.024383,-0.043964,0.304370,-2.109309,0.793917,5.264890,2.023925,11.069940,-0.957382,-0.148344,0.201123,-0.144759,0.120258,1.487797,-0.885441,-0.231933,1.213378,9.816889,-0.984362,-0.126211,-0.085353,-0.088371
-0.257709,0.177260,-0.203985,1.110270,-2.057827,9.820144,-0.998452,-0.026309,-0.025025,-0.042040,0.330976,-2.116758,1.661267,4.042356,1.001586,10.333246,-0.950345,-0.149481,0.222798,-0.157644,0.148993,1.457998,-1.556972,-0.776367,0.729980,10.617670,-0.984407,-0.123400,-0.100964,-0.074256
-0.080994,0.131991,-0.137445,0.890130,-1.971686,9.743574,-0.998565,-0.023698,-0.025323,-0.040709,0.793917,-1.717671,0.547015,1.423949,-1.155395,10.321650,-0.944778,-0.157115,0.237631,-0.161967,0.101102,1.600605,-1.439906,-0.466308,3.015135,10.592646,-0.983720,-0.122013,-0.116632,-0.061609
0.078813,0.169897,-0.185714,1.148555,-0.382852,10.116854,-0.998642,-0.023497,-0.025302,-0.038898,0.887570,-2.542451,1.148307,3.710325,1.209716,9.047236,-0.935707,-0.165685,0.260785,-0.170248,0.003193,1.615505,-0.831165,0.561523,2.047728,11.613763,-0.982490,-0.119591,-0.131680,-0.055338
0.168261,0.142353,0.020180,0.334995,0.516850,10.126426,-0.998602,-0.025256,-0.024792,-0.039142,0.841808,-2.231695,1.269629,2.115477,0.117187,6.503902,-0.926575,-0.172741,0.281176,-0.180417,-0.071304,1.261115,-0.556594,1.359252,1.693114,10.995477,-0.981445,-0.117057,-0.142838,-0.051494
0.248709,0.247346,0.038179,0.679562,0.583849,9.111869,-0.998500,-0.027921,-0.025371,-0.039582,0.506575,-1.604862,1.034434,1.436156,1.142578,6.214596,-0.919713,-0.176886,0.295389,-0.188615,0.069175,0.979094,-0.318205,2.224730,2.961424,11.293939,-0.980336,-0.116939,-0.150967,-0.049678
0.260436,0.480784,0.170442,0.708275,1.043271,9.102298,-0.998243,-0.031264,-0.028438,-0.041425,0.379931,-1.302620,1.129151,1.370238,0.360107,6.383663,-0.913479,-0.178643,0.307336,-0.197935,0.168149,0.230938,-0.158571,2.865599,2.494505,9.740595,-0.980126,-0.118376,-0.151625,-0.048397
0.513509,0.650408,0.410425,-2.421536,0.162712,8.059027,-0.997634,-0.035794,-0.036959,-0.045501,-0.139414,-0.870542,0.969516,2.201537,-0.418701,6.906124,-0.909557,-0.174929,0.316275,-0.205104,0.483162,-0.365032,-0.134093,3.282469,1.425780,9.218134,-0.980441,-0.122931,-0.146581,-0.046130
0.697041,0.689405,0.496055,-4.058227,0.535992,6.364908,-0.996761,-0.042549,-0.045963,-0.050358,-0.728999,-0.865221,-0.021285,0.410766,0.591430,6.278683,-0.908662,-0.169564,0.324218,-0.201135,0.606613,-1.155756,-0.211782,2.573241,2.408446,7.333370,-0.981606,-0.129407,-0.133898,-0.042029
0.945750,0.502055,0.637863,-5.254639,-0.181855,4.852644,-0.995652,-0.051650,-0.053125,-0.056385,-0.571493,-1.443099,-1.207904,0.797119,-2.445067,0.170898,-0.907059,-0.169551,0.337198,-0.186510,0.652375,-2.023106,0.138350,2.377928,2.066649,8.285518,-0.983395,-0.136842,-0.112199,-0.040148
1.395718,0.202076,0.391336,-7.800602,-2.354537,6.891329,-0.994463,-0.064725,-0.057490,-0.059496,-0.372481,-1.580385,-1.947545,3.551023,-3.580930,4.409177,-0.905781,-0.173897,0.349141,-0.165565,0.451235,-2.720178,0.262865,0.239258,0.118408,10.733637,-0.985650,-0.141263,-0.083946,-0.038524
1.974131,-0.054269,0.001909,-8.930014,-5.675776,7.427321,-0.993060,-0.083021,-0.059572,-0.058162,0.044698,-1.055719,-2.683994,7.072750,-0.192261,12.734367,-0.906625,-0.184168,0.352905,-0.139867,0.794982,-3.016035,0.118130,-5.602414,3.060911,15.396110,-0.986593,-0.149328,-0.056053,-0.034417
2.237294,0.986384,-0.757309,-9.753145,-2.947958,8.336594,-0.990720,-0.103184,-0.072996,-0.049907,0.554465,-0.293728,-3.652446,3.609007,6.858517,16.017447,-0.909654,-0.202563,0.346240,-0.107736,1.465448,-3.502389,-0.885441,-7.675777,7.415767,16.812735,-0.985789,-0.164924,-0.025186,-0.019451
1.405263,1.444260,-1.409626,-8.776874,3.302095,13.610375,-0.988454,-0.115278,-0.091390,-0.036184,0.779018,-0.029799,-4.587906,1.486816,6.881710,19.999378,-0.912538,-0.225205,0.334482,-0.068347,1.858150,-3.906797,-1.151499,-9.765619,10.805658,17.958975,-0.982814,-0.184339,0.009267,-0.001026
0.376882,1.980403,-1.518436,-8.901300,3.665804,14.423935,-0.986236,-0.116783,-0.114754,-0.022869,0.021285,0.471455,-0.575750,4.664304,4.374998,17.512808,-0.915082,-0.226354,0.327484,-0.064298,1.380309,-3.921696,0.822652,-7.524410,10.147699,19.326771,-0.978993,-0.198286,0.047370,-0.001842
0.124627,1.811597,-1.004655,-8.662018,0.210568,13.610375,-0.983931,-0.115369,-0.135454,-0.014610,0.282022,0.503382,0.094717,0.867309,3.986204,10.217279,-0.916620,-0.228097,0.321363,-0.067054,1.184491,-4.283535,1.536752,-5.281369,4.554441,19.085682,-0.973832,-0.208265,0.090503,-0.008779
0.141808,1.626429,-0.181896,-5.044070,1.119841,11.810972,-0.981426,-0.114821,-0.153003,-0.014146,1.020599,0.868414,-0.991865,-0.718383,8.381343,7.364498,-0.917910,-0.241005,0.308922,-0.062580,0.896084,-4.275022,2.148685,-8.515620,1.437377,15.395499,-0.967154,-0.214478,0.134712,-0.021367
-0.256618,1.204005,0.211076,-2.995814,4.555934,7.034899,-0.979483,-0.114285,-0.164961,-0.018220,1.576128,1.578257,-0.598099,0.272217,11.756585,6.479488,-0.919137,-0.257709,0.290752,-0.065027,0.441656,-3.808888,2.695701,-9.595331,3.488157,13.375847,-0.959840,-0.215430,0.175288,-0.039536
-0.956386,1.931043,0.282798,-0.401994,8.614161,2.230111,-0.976914,-0.106943,-0.183206,-0.025104,2.086960,2.047583,-0.553401,-2.080077,15.096427,3.171995,-0.919503,-0.278647,0.268129,-0.070483,0.057469,-3.854650,2.572250,-10.811762,5.156857,8.877559,-0.951294,-0.212969,0.215844,-0.055558
-0.860120,3.483023,0.602411,-2.029114,12.873385,1.100698,-0.970408,-0.100618,-0.216421,-0.036590,1.786846,3.160770,0.332041,-3.566892,12.247918,3.892210,-0.922101,-0.293143,0.237359,-0.086308,-0.349068,-3.238459,0.839679,-13.571159,-0.230102,1.213989,-0.944468,-0.209502,0.246971,-0.055543
-0.422424,4.137794,1.366538,-3.139383,13.447663,4.603791,-0.960209,-0.099778,-0.254911,-0.055274,1.115316,3.416186,2.553093,0.283813,-0.848388,4.631345,-0.924375,-0.292839,0.211500,-0.122617,0.126644,-3.741841,-6.568442,-6.399532,-0.976562,2.139281,-0.936404,-0.228058,0.266320,0.014276
0.952568,3.455752,1.559615,0.181855,4.000800,8.307880,-0.949192,-0.111784,-0.285302,-0.071640,-0.012771,1.950738,2.925575,7.723995,-11.292108,6.284176,-0.924553,-0.282491,0.202710,-0.155888,1.036562,-2.763812,-5.387144,-6.925045,13.276970,-12.069695,-0.923675,-0.253085,0.279370,0.068685
2.142937,2.557725,0.370882,-2.909672,-1.885544,7.503892,-0.939163,-0.129708,-0.309882,-0.071503,-0.974837,0.758798,1.175977,19.040516,-10.391230,1.521606,-0.926630,-0.269060,0.202191,-0.167556,0.753477,2.446670,-0.060661,11.477654,-1.409911,-19.733875,-0.927649,-0.262309,0.258818,0.060555
1.846776,1.243274,-0.474511,-5.417350,-1.263410,4.153940,-0.932944,-0.143079,-0.324438,-0.062254,-0.838615,0.357582,-2.740398,14.661246,2.277831,2.945555,-0.933325,-0.266308,0.194619,-0.141776,0.475712,2.318962,4.961452,0.526123,2.373045,-7.280879,-0.933304,-0.256407,0.251274,0.007306
0.693768,0.286343,-1.048016,-3.742375,-1.483550,4.699504,-0.931874,-0.144176,-0.329114,-0.050006,-0.088331,0.541694,-5.039140,1.685180,5.960080,14.759513,-0.941049,-0.273538,0.174505,-0.095622,0.087267,5.661716,4.362288,3.475950,-2.851561,7.070919,-0.945618,-0.244419,0.209056,-0.048509
-0.155716,-0.446422,-2.015583,-2.115255,-1.177269,7.427321,-0.934906,-0.135083,-0.326719,-0.030825,0.886506,-0.305435,-3.915311,2.016600,8.950801,10.665888,-0.941089,-0.289766,0.164081,-0.058791,-2.264687,7.343204,-3.642867,-0.181274,-1.207275,16.013174,-0.965232,-0.224947,0.130304,-0.027212
-0.394335,-1.963768,-2.905973,-4.737789,2.258825,6.719046,-0.942719,-0.122119,-0.310407,-0.002398,-0.050019,-1.238766,-1.390952,5.147702,1.958617,3.541868,-0.939584,-0.291967,0.173515,-0.042691,-1.036562,4.863542,-2.185933,-15.042716,-1.702880,19.999378,-0.973372,-0.215339,0.076998,-0.015489
-0.027816,-1.722967,-2.616903,-4.345366,1.445265,4.230510,-0.947162,-0.113883,-0.298849,0.024412,-0.488483,-0.302242,-0.941846,-1.287841,0.949096,1.987303,-0.941213,-0.288934,0.172125,-0.031630,0.432078,3.049026,0.561915,-1.859130,1.564940,11.455071,-0.974569,-0.217310,0.047094,-0.027662
0.819487,0.323704,-1.991312,-5.656633,0.229711,8.154739,-0.944748,-0.113900,-0.303906,0.045939,-0.291600,1.031241,-0.742834,-3.657835,0.390625,6.879269,-0.944460,-0.286351,0.158963,-0.026843,2.505203,-0.337362,-4.519795,6.677853,3.652342,17.211294,-0.969157,-0.242447,0.041295,0.015544
1.673334,1.370629,-0.970839,-5.685347,-2.967100,10.088140,-0.938262,-0.125605,-0.316825,0.059172,0.341619,0.947167,-2.791482,-0.267944,0.012817,8.937984,-0.945854,-0.292312,0.141039,-0.003698,2.169970,1.313263,-9.347153,9.724115,15.062858,10.834344,-0.958189,-0.267512,0.007597,0.101233
2.252020,1.688061,-0.845667,-7.360322,-3.282953,9.657433,-0.929349,-0.143182,-0.332429,0.072745,0.937589,-0.151121,-4.703907,-0.421753,5.474240,7.200923,-0.942078,-0.307855,0.126723,0.040583,1.847507,3.836558,0.521474,0.390625,8.580317,9.758295,-0.952802,-0.290313,-0.025192,0.085109
3.020783,1.056470,-1.299725,-7.255038,-1.167697,7.073184,-0.919973,-0.165902,-0.342459,0.094021,0.838615,-0.025542,-4.220746,0.058594,8.485103,9.899897,-0.936819,-0.321485,0.112415,0.079833,2.589277,2.371110,3.760997,2.758177,4.599607,13.301384,-0.947095,-0.316346,-0.033385,0.042598
3.519020,0.914389,-1.997857,-6.269196,-0.239282,5.809773,-0.908264,-0.190483,-0.351411,0.123588,0.907790,0.152185,-3.490682,3.203123,6.881100,7.399288,-0.930455,-0.334251,0.102001,0.110079,2.729756,5.106187,-2.140171,4.714353,2.616576,10.844720,-0.934566,-0.342006,-0.085867,0.047306
3.489295,0.963204,-2.289654,-4.077370,-0.047856,5.493921,-0.895008,-0.213611,-0.359465,0.155265,1.119573,-0.204333,-3.507710,4.460447,5.050046,4.179075,-0.921835,-0.348040,0.095167,0.141503,1.724056,-5.281785,-7.237844,6.286617,-1.087036,4.163206,-0.926336,-0.347262,-0.058763,0.133603
3.159864,0.993747,-2.041763,-1.521835,-0.928415,5.608776,-0.881403,-0.234848,-0.366705,0.183012,1.268565,0.318205,-4.081331,3.778684,4.241331,3.703001,-0.911068,-0.363775,0.081609,0.175940,2.758490,-0.121322,-6.426900,5.991818,-6.956783,8.484492,-0.906572,-0.366753,-0.075487,0.194715
2.610358,0.722948,-1.529617,-1.062413,-2.603391,5.398208,-0.869868,-0.252219,-0.371179,0.204775,1.282400,0.664081,-3.634354,4.211423,3.001707,3.643797,-0.900098,-0.378815,0.066305,0.204739,1.371796,-1.896462,3.907861,-14.852897,-8.672481,1.436156,-0.909662,-0.377511,-0.042858,0.167796
2.192024,0.161716,-0.893663,-1.024128,-2.306681,3.158526,-0.862030,-0.266870,-0.370006,0.220841,1.453741,1.078067,-3.168220,3.371580,1.778563,1.785888,-0.888472,-0.395590,0.049315,0.227347,2.884070,0.941846,9.970793,-19.935902,6.111447,-3.572386,-0.909745,-0.408202,-0.010549,0.074958
2.027582,0.204258,0.013635,-2.459822,-0.966700,1.004985,-0.855354,-0.283553,-0.368456,0.228468,1.778332,1.817709,-2.097602,3.410032,0.993041,-1.212768,-0.877039,-0.416750,0.030669,0.237008,4.025991,-3.361910,-2.008206,3.273314,18.740223,5.095822,-0.890144,-0.442718,0.015625,0.106740
2.125211,0.884664,1.009291,-2.287539,1.914258,-0.574277,-0.847443,-0.308680,-0.368932,0.224583,2.112501,2.224246,-1.861342,2.066039,2.339476,-3.132933,-0.863415,-0.442204,0.009519,0.242635,4.569814,-1.957123,-1.009957,3.161619,11.953118,5.658566,-0.867028,-0.481636,0.034864,0.122746
2.366285,1.786235,2.217932,-2.067399,5.292923,-2.450250,-0.837404,-0.342314,-0.371848,0.208080,2.111437,2.339183,-0.804560,1.400146,4.815671,0.132446,-0.851498,-0.467062,-0.007881,0.238189,5.150885,-2.333862,-2.701022,2.027587,13.233025,2.852171,-0.835808,-0.524460,0.049192,0.154726
2.752984,3.351850,3.535110,-1.148555,7.121040,1.875973,-0.821668,-0.386221,-0.380431,0.175954,1.899655,2.191255,0.301178,-2.136840,7.877803,0.282593,-0.842062,-0.489676,-0.020542,0.225210,5.462705,-0.701329,0.516153,-2.178344,8.941035,8.673091,-0.807063,-0.566889,0.065602,0.151573
3.321580,3.223678,4.448135,-1.885544,6.776474,4.469793,-0.803231,-0.435801,-0.381725,0.138476,1.597413,2.397716,1.508017,-1.116943,9.182123,-0.299072,-0.835995,-0.509923,-0.029318,0.200560,5.677680,-2.248723,1.735763,0.806884,5.013425,9.321283,-0.775210,-0.605978,0.102104,0.146310
3.005784,2.043944,4.475406,-5.216353,4.048656,3.570091,-0.788028,-0.478198,-0.373205,0.105108,1.031241,1.412236,1.291978,-3.649900,7.659297,3.573606,-0.832025,-0.522424,-0.033801,0.183456,6.386458,-1.019535,2.829794,2.962645,3.441160,7.514034,-0.738489,-0.648649,0.136483,0.123503
2.166663,-0.081540,2.713169,-13.993227,0.842274,2.679961,-0.780211,-0.504127,-0.358346,0.093311,0.517217,0.871606,3.101173,-0.030518,9.723505,18.542469,-0.834999,-0.527975,-0.023554,0.153152,6.410936,-1.800681,1.353704,2.024535,3.482664,8.535762,-0.695226,-0.689605,0.166175,0.116117
1.362448,-0.643317,1.482712,-13.591232,9.370294,0.047856,-0.776026,-0.519568,-0.345875,0.090524,1.115316,0.302242,5.257308,0.375976,6.309811,7.482906,-0.836613,-0.537115,0.003965,0.107523,5.349896,-2.538194,0.437400,-6.631466,7.534786,12.788689,-0.654048,-0.721373,0.192236,0.121979
0.964840,-0.794125,1.452714,-9.217153,14.328222,0.679562,-0.774169,-0.532517,-0.331185,0.086007,2.132722,0.651310,0.561915,-7.769771,0.196533,-0.089111,-0.825367,-0.555628,0.002288,0.100170,4.405922,-1.782589,2.044390,-4.065549,16.131582,6.456295,-0.621195,-0.742585,0.223140,0.113505
1.761419,-0.794943,1.136918,-10.595419,11.131411,2.057827,-0.767425,-0.549299,-0.318719,0.087977,0.820523,-0.324591,1.499503,-0.748901,1.251220,2.412718,-0.822859,-0.560917,0.013764,0.089880,3.350204,-2.496689,2.383881,-0.122070,0.265503,2.138671,-0.593333,-0.753940,0.259749,0.109784
3.034419,-2.240021,1.368993,-12.232109,0.392423,0.401994,-0.758237,-0.573952,-0.292460,0.100567,0.052147,-2.416872,1.627211,-7.207637,19.999378,9.882196,-0.823561,-0.558339,0.041307,0.091054,2.477533,-2.612690,1.763433,-3.770139,-4.148557,2.188109,-0.569329,-0.760615,0.290841,0.112835
3.358941,-1.078014,0.584413,-10.155139,4.776074,2.402394,-0.742224,-0.598879,-0.278569,0.113303,2.066739,-0.277765,-3.885512,-14.613639,16.571646,0.931396,-0.807002,-0.576817,0.022276,0.124600,2.089088,-2.811702,1.284528,-8.238521,5.354611,3.282469,-0.546537,-0.765030,0.318144,0.1216643.548200,-1.287726,1.669516,-8.729017,9.801002,-3.110669,-0.724812,-0.628653,-0.255662,0.118627,2.511588,-1.302620,-4.620897,-16.354971,19.172962,-1.853637,-0.784529,-0.596443,0.007944,0.169410,2.143364,-4.304820,1.186619,-9.938349,15.629264,3.457029,-0.517597,-0.766668,0.352277,0.142145
3.763639,-1.243274,2.725986,-6.096912,12.088540,-6.393622,-0.705697,-0.661739,-0.225094,0.115838,3.195890,0.624704,-1.953931,-6.074826,15.519401,-7.392574,-0.760642,-0.623518,-0.003482,0.180633,2.034812,-4.743284,0.225617,-1.195068,19.999378,1.540527,-0.485737,-0.768215,0.380482,0.170676
3.866722,-0.485965,2.839705,-9.446864,13.495520,-9.198010,-0.682558,-0.694988,-0.198777,0.107644,4.317591,2.514781,-4.608126,-17.136831,17.205801,2.235106,-0.723043,-0.659436,-0.044973,0.200805,2.208282,-3.400223,2.430707,-2.094115,19.802235,4.427488,-0.460221,-0.762632,0.418622,0.177023
4.063617,-0.091902,3.496385,-17.764315,9.858429,-16.969898,-0.656103,-0.729297,-0.170288,0.093004,2.752105,2.258301,-0.376738,-7.805171,16.131582,7.706295,-0.703405,-0.682336,-0.058535,0.190275,2.361532,-2.705279,5.597863,-9.660639,11.491082,3.890379,-0.440086,-0.743553,0.476463,0.162565
5.164538,5.172719,3.160409,-12.050255,15.208780,-4.469793,-0.609951,-0.771106,-0.177108,0.044507,3.318277,2.503074,0.846065,1.546020,3.771971,8.377681,-0.681014,-0.709652,-0.063697,0.168961,2.664838,-3.438535,5.589348,-14.004509,-1.614379,0.885009,-0.411531,-0.721496,0.535945,0.151132
4.546855,1.356448,3.733641,-6.776474,18.520447,-2.823531,-0.574101,-0.803836,-0.154449,0.019811,3.704593,3.826980,-3.664152,-6.944576,11.619256,-0.227661,-0.644342,-0.737311,-0.110665,0.170122,2.773390,-4.060047,4.054726,-15.826407,5.360105,-7.592159,-0.374267,-0.704106,0.584616,0.149583
4.345325,0.469057,3.541382,-1.292124,22.760529,-13.294522,-0.537204,-0.833804,-0.127175,0.001527,3.442792,2.058225,-6.291742,-14.494620,15.260001,1.618651,-0.604486,-0.753260,-0.164938,0.199960,1.506953,-4.251608,2.052904,-11.709588,5.919186,-19.999989,-0.339784,-0.691269,0.616405,0.163494
2.642538,-1.204005,2.909791,-7.877172,29.374290,-20.846272,-0.515084,-0.851641,-0.096891,-0.000043,2.930896,1.901783,-2.745719,-10.822748,17.334585,-1.166991,-0.574132,-0.768666,-0.191074,0.207382,-0.989736,-4.673044,1.604862,-8.898921,14.391471,-19.998768,-0.318612,-0.670164,0.640633,0.197351
1.014200,-2.259383,2.840523,-7.446464,25.095924,-22.052254,-0.507012,-0.859706,-0.061610,0.006326,2.915997,1.227060,-2.488175,-17.318106,13.725578,-14.074699,-0.542416,-0.783152,-0.211874,0.218080,-1.738956,-3.706722,1.055719,-6.795650,16.854239,-19.998158,-0.306940,-0.650578,0.655116,0.230978
-0.311705,-2.101758,2.922881,-1.110270,19.812571,-16.548761,-0.509456,-0.860055,-0.025835,0.009198,6.844079,8.785238,0.135158,-12.791130,12.167352,-4.210203,-0.467723,-0.834000,-0.242841,0.163406,-2.728692,-2.250851,1.120637,0.344848,12.033074,-19.822987,-0.310794,-0.629863,0.662935,0.259208
-0.939751,-0.621501,2.410191,5.283352,9.820144,-11.236695,-0.516611,-0.856214,-0.001319,0.000759,3.369360,6.423707,2.298742,-3.953855,1.577147,-1.203613,-0.426523,-0.862990,-0.248174,0.108296,-2.990493,-1.307942,0.462941,-5.770871,10.506586,-11.637567,-0.320490,-0.614479,0.661440,0.286688
-1.089195,0.029180,0.368155,5.312066,1.502693,-8.633304,-0.524564,-0.851359,0.002297,-0.002443,-2.643553,-9.384401,6.068253,-10.366816,5.133054,-6.658321,-0.475877,-0.850708,-0.158253,0.157441,-1.866664,-0.781147,-0.097909,-3.731077,13.261711,-6.432491,-0.326201,-0.606933,0.657165,0.305532
-1.541889,0.448877,-0.829577,4.067799,-1.923829,-1.933401,-0.537086,-0.843492,-0.006538,-0.002778,-0.807752,-2.077382,3.823787,-1.740722,3.581541,-6.942745,-0.490111,-0.849739,-0.117154,0.154925,-0.858836,-2.229567,-0.493804,-0.258789,13.466789,-6.282955,-0.315690,-0.600133,0.657993,0.327441
-1.960223,-0.996201,-1.525800,0.373280,1.234697,-2.746960,-0.551980,-0.833631,-0.013811,0.013385,-1.556972,-2.890455,3.850393,-0.283813,0.134277,-1.315917,-0.510379,-0.842079,-0.072930,0.158396,0.055340,0.227746,1.527174,-4.254758,8.854365,-8.830562,-0.320148,-0.591813,0.666274,0.321456
-1.857685,-0.817578,-0.953659,1.952543,1.990828,-1.904687,-0.566633,-0.823458,-0.016521,0.023707,-1.793232,-1.816645,3.703529,1.688231,-3.515013,-3.972166,-0.531110,-0.832635,-0.035251,0.152940,0.290535,-0.152185,1.488861,-2.274169,4.447019,-3.769529,-0.320706,-0.583046,0.675995,0.316587
-1.731421,-0.981475,-0.574595,2.067399,3.665804,-2.947958,-0.579972,-0.813808,-0.015168,0.033344,-2.211475,-1.887948,3.365103,2.775267,-3.040770,-3.718260,-0.553942,-0.819066,-0.000331,0.149236,0.492740,-1.415429,0.761990,-4.295652,1.816405,-2.203368,-0.309449,-0.575519,0.686101,0.319805
-1.481621,-0.351248,-0.343612,1.253839,3.723232,-1.885544,-0.591394,-0.805408,-0.015352,0.036427,-2.073125,-2.084831,2.381752,1.718139,1.091308,-5.736081,-0.572761,-0.805004,0.028015,0.152054,0.957809,0.211782,-0.938653,-2.949217,0.208740,-0.187378,-0.301598,-0.585953,0.682736,0.315534
-1.203186,-0.134172,0.016908,1.004985,2.383251,-1.435694,-0.600362,-0.798801,-0.013857,0.035795,-1.258987,-1.030177,0.005321,0.402832,4.246824,-4.156492,-0.581452,-0.797083,0.032531,0.159705,1.289850,-0.617255,-1.255794,-3.034666,-0.559692,-0.797119,-0.284820,-0.596842,0.680986,0.314494
-0.747219,-0.283616,0.374155,0.344566,2.679961,-1.914258,-0.605299,-0.795171,-0.008998,0.035034,-0.285214,-1.024856,-1.355832,-0.618896,5.549313,-5.492550,-0.579919,-0.795127,0.027444,0.175233,1.397337,0.042569,-1.155756,-0.877685,-1.202392,-1.270751,-0.271908,-0.609268,0.678456,0.307486
-0.201531,-0.359156,0.682587,1.225125,3.129812,-1.129412,-0.606929,-0.794100,-0.000283,0.032169,0.164956,-0.256480,-2.188062,-4.997556,8.706660,-6.145016,-0.573239,-0.796886,0.011206,0.190357,1.241959,0.313949,-0.901405,0.799560,-0.099487,-2.704466,-0.263022,-0.619932,0.676591,0.297858
0.161443,-0.296433,1.094921,0.813560,4.651647,-1.119841,-0.606203,-0.794786,0.011439,0.026353,0.343747,0.268187,-0.494868,-8.266597,9.298700,-5.142209,-0.568574,-0.799829,0.005256,0.192252,0.942910,0.995057,0.079817,1.325073,2.168578,-3.529051,-0.264417,-0.624644,0.677978,0.283269
0.318523,-0.265617,1.299179,0.373280,6.757331,-2.785246,-0.602861,-0.797234,0.023976,0.019827,0.399087,0.569364,1.605927,-5.734250,11.425775,-5.154416,-0.567225,-0.803658,0.014761,0.179342,0.477840,1.410108,1.147242,0.847167,2.680052,-3.978879,-0.274108,-0.622021,0.683363,0.266386
0.541870,-0.191168,1.568342,-0.248854,7.781459,-4.019942,-0.597501,-0.800892,0.037624,0.011893,0.585328,0.138350,1.409044,-2.293700,10.219110,-5.241086,-0.563990,-0.807780,0.026664,0.169375,0.110680,1.977344,1.512274,0.383301,3.711546,-4.276731,-0.290210,-0.617287,0.688032,0.247667
0.757309,0.368155,1.880047,-0.239282,9.332008,-5.015356,-0.590452,-0.805491,0.050379,-0.002300,1.253666,-0.098974,-0.644925,-7.159420,11.030877,-4.281614,-0.552124,-0.814869,0.022971,0.174961,-0.186241,2.210411,1.624019,-0.260010,5.659176,-4.254148,-0.310580,-0.610878,0.690303,0.232038
0.955840,0.749401,2.034127,0.382852,11.648261,-6.049056,-0.581701,-0.810756,0.062184,-0.020581,1.139793,0.725807,0.019156,-3.175047,7.263790,-2.543944,-0.542772,-0.822199,0.019998,0.170231,-0.510832,2.048647,2.207218,-1.848143,7.419429,-4.833371,-0.332455,-0.598830,0.695355,0.217601
0.927752,0.856029,1.866684,1.272982,14.404793,-5.915058,-0.573042,-0.815457,0.071876,-0.038456,1.026984,0.733256,0.299049,-1.305541,7.621456,-2.951658,-0.535332,-0.828921,0.021360,0.160762,-0.804560,1.783653,2.392395,-1.389159,9.013667,-7.376094,-0.353901,-0.583673,0.701171,0.205987
0.566687,0.709313,1.443442,2.344966,16.433907,-4.900501,-0.569463,-0.816492,0.079122,-0.052766,0.978030,0.255416,-0.492740,-1.033325,8.688960,-3.411253,-0.527029,-0.834528,0.018579,0.159530,-0.588521,1.503760,0.092588,4.146116,11.607659,-9.591059,-0.369209,-0.583582,0.694545,0.201783
-0.050724,0.467966,1.033835,2.976671,16.213766,-4.555934,-0.570831,-0.814282,0.084780,-0.062451,0.909919,0.228810,-0.850322,-4.221189,10.789179,-4.697873,-0.517890,-0.839598,0.010665,0.163534,-0.386316,0.813074,-2.067804,6.398922,14.830924,-10.565180,-0.374184,-0.597502,0.678117,0.207668
-0.642499,0.047178,0.745310,3.206382,15.926627,-5.388637,-0.576779,-0.809167,0.090522,-0.066124,0.812009,0.929075,0.181984,-7.439571,12.708122,-5.768429,-0.511221,-0.845082,0.007685,0.156277,-0.723678,0.213911,-1.239831,2.945555,16.680288,-9.915155,-0.377767,-0.603609,0.667617,0.217319
-0.805306,-0.167988,0.621501,4.498507,14.309079,-4.929214,-0.582797,-0.803691,0.098136,-0.069205,0.352261,1.350511,2.176355,-5.792843,11.727899,-6.458736,-0.510887,-0.848739,0.018661,0.135204,-1.198326,0.459748,0.319270,3.497313,15.432120,-8.281856,-0.389540,-0.597672,0.664510,0.222407
-0.533962,-0.190077,0.592867,3.388237,12.184253,-4.689932,-0.585339,-0.800787,0.105029,-0.071269,-0.235195,0.308627,3.501325,-3.663938,10.648798,-6.088253,-0.516329,-0.847282,0.045545,0.115914,-1.528238,0.589585,0.774761,5.950924,12.143548,-7.447505,-0.405661,-0.587039,0.663240,0.225675
-0.434696,-0.067632,0.636227,3.723232,9.638289,-3.244668,-0.588123,-0.797401,0.111985,-0.075593,-0.468262,0.000000,3.886577,-2.714232,9.874262,-5.054929,-0.523973,-0.842621,0.076828,0.097623,-1.435650,1.499503,1.058911,5.894772,8.275752,-5.664670,-0.427486,-0.576615,0.660269,0.220921
-0.543779,0.125991,0.494692,3.215954,6.805188,-1.799403,-0.592535,-0.793005,0.116551,-0.080330,-0.557658,0.187305,2.743591,-0.819091,8.022456,-4.579465,-0.529997,-0.838273,0.098344,0.081985,-1.251537,1.560165,1.092967,5.651852,7.426143,-4.658811,-0.448454,-0.566513,0.657260,0.214365
-0.540507,0.241892,0.141263,3.684947,5.465207,0.153141,-0.597663,-0.788732,0.117204,-0.083400,-0.498061,0.481033,2.140171,-0.026245,6.410519,-3.683470,-0.535084,-0.834471,0.113640,0.066489,-1.146178,0.157506,0.743898,3.749388,6.467892,-5.170285,-0.457135,-0.556636,0.659141,0.216125
-0.549506,-0.297251,-0.071177,3.206382,5.216353,-0.239282,-0.602355,-0.785062,0.119480,-0.081002,-0.378867,1.128086,1.246216,1.673583,5.254514,-2.484129,-0.540415,-0.831514,0.118789,0.049168,-0.915240,1.310070,0.502318,3.433226,4.027097,-5.053098,-0.471146,-0.551954,0.654810,0.211148
-0.508600,-0.546506,-0.150535,3.675375,5.312066,-0.899701,-0.606098,-0.782088,0.122941,-0.076556,-0.338426,-0.133029,1.389887,3.356321,5.426632,-2.232054,-0.543959,-0.827634,0.131867,0.041629,-0.772633,1.266437,0.408665,3.262327,3.476561,-4.250486,-0.483840,-0.548236,0.650354,0.205833
-0.607047,-0.837758,-0.147808,3.388237,6.154340,-2.096113,-0.609415,-0.779231,0.128541,-0.069865,-0.401216,-1.428200,0.304370,3.867185,5.186154,-3.024901,-0.545330,-0.824364,0.143043,0.050689,-0.774761,0.751348,-0.197947,2.239989,4.346921,-3.350218,-0.491334,-0.547798,0.644670,0.207122
-0.720221,-0.884936,-0.074449,3.321238,6.020342,-2.641676,-0.613006,-0.775929,0.134932,-0.062790,-0.358646,0.102166,0.184112,3.689573,6.320797,-3.433836,-0.548410,-0.822171,0.144904,0.047702,-0.775825,1.715543,0.404408,3.526609,5.309445,-1.613158,-0.508619,-0.544078,0.636451,0.200520
-0.594230,-0.383154,-0.196077,4.000800,6.680761,-1.828117,-0.617078,-0.772545,0.137322,-0.059356,-0.499125,-0.375674,-0.937589,2.423094,6.414791,-3.569334,-0.551065,-0.820770,0.140087,0.055055,-0.748155,1.028049,0.455491,3.181761,5.687253,-1.524047,-0.521230,-0.538812,0.631609,0.197642
-0.507236,-0.170988,-0.138536,3.799802,6.920043,-1.837688,-0.620680,-0.769487,0.138818,-0.058030,-0.508703,0.251159,-0.952488,0.765991,7.194210,-2.613524,-0.556177,-0.818602,0.130948,0.058329,-0.469326,1.045076,-0.085139,5.187985,6.530148,-1.419677,-0.531330,-0.538121,0.624553,0.195038
-0.366519,0.178896,-0.140990,3.570091,7.044470,-1.234697,-0.624155,-0.766742,0.137834,-0.059417,-0.260737,-0.117066,-0.267122,1.690673,8.518672,-3.104857,-0.558576,-0.816987,0.130221,0.059656,-0.433143,1.284528,-0.269251,6.112057,6.274410,-1.694335,-0.542180,-0.539037,0.615491,0.191421
-0.268617,0.237528,-0.089721,3.397808,7.714460,-1.177269,-0.627113,-0.764361,0.136682,-0.061568,0.168149,-0.134093,-1.099352,-0.137939,9.818110,-4.306028,-0.555411,-0.819872,0.121297,0.067872,-0.636411,1.553779,0.775825,8.073726,6.917110,-0.856933,-0.557593,-0.532795,0.609994,0.181983
-0.178624,0.110992,-0.011999,2.746960,9.322437,-1.454836,-0.629691,-0.762289,0.136019,-0.062416,0.471455,0.145800,-1.906040,-3.253782,10.004877,-4.337766,-0.549956,-0.824973,0.104073,0.078282,-0.710907,0.967387,1.294107,7.747188,8.993526,-0.662231,-0.570656,-0.521782,0.609880,0.173587
-0.010363,0.037361,0.011454,2.603391,10.805987,-2.220539,-0.630091,-0.762300,0.134624,-0.061244,0.327784,-0.551272,-1.596349,-1.394652,7.302242,-4.535520,-0.544129,-0.828658,0.093615,0.092074,-0.768376,0.608741,0.570429,6.806026,9.340204,-0.783691,-0.580430,-0.514248,0.607543,0.171852
0.145899,0.039543,-0.106901,3.474379,12.069397,-2.201397,-0.630128,-0.762429,0.133595,-0.061515,-0.202204,-0.100038,-0.045762,-1.531371,9.006953,-4.448850,-0.544708,-0.828093,0.092735,0.094588,-0.757733,0.553401,0.521474,7.196651,11.558831,-0.914306,-0.589548,-0.507133,0.604981,0.170993
0.146171,0.042270,-0.243255,3.158526,12.289537,-2.584249,-0.629254,-0.763947,0.130156,-0.058954,-0.490611,-0.328848,-0.597034,-1.939696,8.010859,-3.857420,-0.547169,-0.826032,0.088097,0.102506,-0.403344,0.205397,0.490611,7.164913,12.806999,-1.674804,-0.594454,-0.501977,0.604665,0.170340
-0.033816,0.155989,-0.517599,2.565106,12.787244,-2.124826,-0.630835,-0.763869,0.124222,-0.055781,-0.685366,-0.311820,0.123451,1.036987,10.698847,-4.574583,-0.552790,-0.821833,0.091231,0.103350,0.054276,-0.246902,-1.394144,4.644162,12.766106,-2.248534,-0.590215,-0.510909,0.598211,0.180977
-0.229893,0.098993,-0.653135,2.708675,12.270394,-1.426122,-0.634132,-0.762360,0.118276,-0.051831,-0.705586,-0.441656,-1.609119,-2.264403,12.610466,-4.309690,-0.556835,-0.818423,0.078750,0.117928,-0.094717,0.054276,-1.792167,5.601193,8.759761,-1.485595,-0.588737,-0.520524,0.587813,0.192123
-0.340612,-0.079085,-0.765218,1.942972,11.571691,-0.172283,-0.638040,-0.760342,0.112659,-0.045650,-0.818395,-0.269251,-0.648118,-2.899779,12.601921,-2.722777,-0.563342,-0.813356,0.073395,0.125310,-0.555529,0.416115,-1.087646,6.782833,7.302852,0.820312,-0.592984,-0.523569,0.578373,0.199300
-0.324249,-0.325886,-0.847303,1.990828,10.691132,-0.267996,-0.641541,-0.758511,0.108120,-0.037235,-0.524667,-0.315013,-0.363967,-1.318969,11.528924,-2.603148,-0.568050,-0.809431,0.071572,0.130422,-0.691751,0.819459,0.008514,5.292356,9.443354,1.471557,-0.602283,-0.520470,0.571533,0.199265
-0.248709,-0.326977,-0.722675,1.339981,10.289138,-1.119841,-0.644221,-0.757178,0.103981,-0.029002,-0.348004,-0.323527,-0.593842,-1.316528,9.204096,-2.517699,-0.570951,-0.806604,0.068010,0.137006,-0.505510,0.108552,0.247966,4.773557,12.289422,-0.081787,-0.606666,-0.516123,0.570221,0.201029
-0.177533,-0.322613,-0.572413,0.411565,9.781859,-1.923829,-0.645148,-0.757109,0.100560,-0.021185,-0.400151,-0.474648,-0.890763,-0.576782,7.548824,-2.667845,-0.572470,-0.804517,0.064091,0.144621,-0.204333,-0.481033,-0.556594,3.939817,11.721185,-0.642700,-0.604177,-0.517321,0.568809,0.209274
-0.142899,-0.252800,-0.580322,0.507278,9.293723,-1.942972,-0.645617,-0.757376,0.096722,-0.013985,-0.404408,-0.526795,-1.361153,-0.632324,7.230831,-2.672728,-0.572928,-0.802730,0.056537,0.155476,-0.209654,-0.057469,-0.551272,2.705687,9.414667,-1.127319,-0.603700,-0.519667,0.564835,0.215511
-0.145353,-0.221439,-0.634045,0.966700,8.528020,-1.598405,-0.645969,-0.757717,0.092378,-0.006804,-0.346940,-0.390573,-1.681487,-1.523437,7.474361,-2.278441,-0.573609,-0.800206,0.044154,0.169366,-0.385252,0.015963,0.174534,3.074950,8.405147,-0.917968,-0.606395,-0.516719,0.563750,0.217860
-0.190077,-0.194441,-0.662680,1.426122,7.867601,-1.148555,-0.647865,-0.756458,0.089600,-0.002116,-0.270315,-0.385252,-1.900719,-1.984862,6.831661,-2.260131,-0.571311,-0.799145,0.029668,0.184617,-0.411858,0.427821,0.412922,3.659666,7.930293,-0.289306,-0.612644,-0.512466,0.561528,0.216157
-0.159261,-0.196350,-0.663225,1.110270,7.599605,-1.043271,-0.649797,-0.755164,0.086453,0.002994,-0.187305,-0.759862,-2.175291,-2.089232,7.276607,-2.210692,-0.567486,-0.797477,0.015208,0.204330,-0.412922,0.346940,-0.012771,3.552854,6.638790,-0.056152,-0.617650,-0.510148,0.557771,0.217120
-0.126264,-0.146717,-0.594503,1.081556,7.360322,-1.598405,-0.649598,-0.755630,0.083560,0.007421,-0.083010,-0.996122,-2.565864,-3.634641,7.333370,-2.375487,-0.561866,-0.795122,-0.000973,0.228208,-0.408665,0.226682,-0.117066,3.203123,5.213010,0.068970,-0.621798,-0.507936,0.554462,0.218934
-0.084812,0.033270,-0.491965,0.794417,7.810173,-1.713261,-0.649124,-0.756412,0.079769,0.010370,0.024477,-0.538502,-2.658453,-5.419308,7.836299,-2.875975,-0.554562,-0.793850,-0.020219,0.248688,-0.375674,0.302242,-0.010642,3.040770,4.555662,0.557251,-0.626385,-0.505484,0.551314,0.219481
-0.023726,0.064904,-0.378518,0.756132,8.518449,-1.684547,-0.648218,-0.757489,0.076570,0.012351,0.007450,-0.409729,-2.222117,-5.679928,7.785030,-2.972410,-0.547950,-0.792421,-0.036741,0.265448,-0.333105,0.373546,0.086203,3.239744,5.229489,1.095580,-0.631290,-0.503016,0.548155,0.219009
0.072813,0.218166,-0.313887,0.679562,9.284152,-1.694118,-0.646738,-0.759140,0.072507,0.013099,-0.041505,-0.462941,-2.056097,-6.016232,7.992549,-2.701415,-0.542106,-0.789984,-0.051811,0.281695,-0.288407,0.325655,0.035120,4.079587,6.525875,1.351928,-0.635580,-0.500975,0.545128,0.218835
0.167443,0.357792,-0.312796,0.382852,10.164711,-2.000400,-0.644820,-0.761266,0.067064,0.013271,-0.074496,-0.469326,-1.602734,-6.112668,7.975459,-2.534789,-0.537709,-0.787123,-0.063329,0.295446,-0.268187,0.077689,0.040441,4.878537,7.969966,0.874633,-0.638445,-0.498430,0.543760,0.219708
0.214621,0.507236,-0.320159,0.038285,11.016556,-2.182254,-0.642868,-0.763488,0.060317,0.012641,-0.076625,-0.375674,-1.021663,-6.059567,7.954707,-2.525633,-0.534765,-0.784757,-0.070790,0.305225,-0.244773,-0.254352,-0.367160,4.534910,9.143672,0.294800,-0.638295,-0.497896,0.542146,0.225271
0.172079,0.576231,-0.333794,-0.239282,11.705688,-2.000400,-0.641892,-0.764878,0.052803,0.011807,-0.087267,-0.360775,-0.699201,-6.001584,7.952876,-2.296141,-0.533435,-0.782083,-0.075586,0.313163,-0.260737,-0.218168,-0.981222,3.939207,10.496210,-0.039062,-0.636418,-0.501345,0.536908,0.235259
0.087539,0.524962,-0.387245,-0.334995,12.174682,-1.569692,-0.642116,-0.765166,0.045487,0.011375,-0.106423,-0.367160,-0.557658,-5.897213,7.926021,-2.243651,-0.533167,-0.779111,-0.078912,0.320131,-0.321398,-0.167084,-1.266437,3.621824,11.752313,-0.202637,-0.634083,-0.506207,0.529691,0.247207
-0.006272,0.350975,-0.461149,-0.545564,12.117254,-1.215554,-0.643062,-0.764717,0.038871,0.012607,-0.133029,-0.389509,-0.595970,-6.040646,8.005366,-2.112426,-0.533403,-0.775764,-0.082011,0.327014,-0.359711,-0.374610,-1.245152,3.447264,12.343133,-0.039062,-0.630807,-0.510023,0.523684,0.260202
-0.072813,0.086994,-0.511872,-0.727418,11.734403,-1.215554,-0.644324,-0.763839,0.033492,0.016301,-0.150057,-0.443785,-0.711971,-6.279903,7.813716,-2.025756,-0.532817,-0.772109,-0.086348,0.335394,-0.346940,-0.365032,-1.017406,3.264769,12.255242,0.055542,-0.628050,-0.512574,0.518710,0.271575
-0.093266,-0.152989,-0.476966,-0.756132,11.160125,-1.349552,-0.645533,-0.762834,0.029813,0.021756,-0.142607,-0.413986,-0.733256,-6.490475,7.640987,-2.036742,-0.531347,-0.768839,-0.091409,0.343792,-0.366096,-0.258608,-0.709843,2.844847,11.863397,0.301513,-0.626784,-0.513526,0.514537,0.280493
-0.080994,-0.281434,-0.378246,-0.564706,10.413564,-1.502693,-0.646443,-0.761954,0.027589,0.027712,-0.141543,-0.352261,-0.630026,-6.336056,7.412105,-2.037352,-0.529382,-0.766580,-0.096014,0.350547,-0.336297,-0.219232,-0.186241,1.940917,11.386712,0.368042,-0.626851,-0.512186,0.512864,0.285805
-0.074176,-0.308160,-0.263436,-0.497707,9.714860,-1.579263,-0.646854,-0.761428,0.026262,0.033304,-0.130901,-0.203268,-0.432078,-6.220089,7.073360,-1.903075,-0.527869,-0.765030,-0.099872,0.355108,-0.204333,-0.102166,0.003193,1.928100,10.748285,0.414428,-0.627414,-0.510987,0.511789,0.288630
-0.059996,-0.249800,-0.181623,-0.306281,9.303294,-1.627119,-0.646346,-0.761691,0.025590,0.037421,-0.106423,-0.142607,-0.322462,-6.117550,6.795040,-1.857909,-0.526417,-0.764205,-0.102880,0.358166,-0.059597,-0.028734,0.023413,2.024535,10.145258,0.599975,-0.627820,-0.510645,0.510780,0.290136
-0.074449,-0.143444,-0.119719,-0.382852,9.092726,-1.416551,-0.647331,-0.760727,0.024470,0.040623,-0.086203,-0.097909,-0.158571,-6.179806,6.623531,-1.743773,-0.525746,-0.763053,-0.105145,0.360939,0.054276,0.006385,0.052147,1.958617,9.389032,0.873413,-0.628072,-0.510787,0.510072,0.290586
-0.073631,-0.061632,-0.056723,-0.449851,8.958728,-1.196411,-0.648759,-0.759443,0.023788,0.042233,-0.046826,-0.054276,0.006385,-6.157834,6.503902,-1.686400,-0.525420,-0.762340,-0.106220,0.362601,0.160699,0.055340,0.131965,1.983641,8.488765,1.100463,-0.628437,-0.511122,0.509858,0.289581
-0.061359,0.006000,-0.005181,-0.535992,9.044869,-1.119841,-0.650108,-0.758267,0.023031,0.043028,-0.008514,-0.003193,0.150057,-6.132199,6.492306,-1.632689,-0.525663,-0.761879,-0.106158,0.363237,0.208590,0.123451,0.230938,2.131346,8.193965,1.191406,-0.629288,-0.511325,0.509924,0.287250
-0.024816,0.044179,0.097629,-0.564706,9.198010,-1.091127,-0.651240,-0.757312,0.022840,0.042833,0.047890,0.113873,0.328848,-6.011960,6.505733,-1.607665,-0.526880,-0.761989,-0.104432,0.361740,0.228810,0.152185,0.315013,2.360838,8.075557,1.270141,-0.630506,-0.511190,0.510364,0.284019
0.019362,0.093266,0.240801,-0.641276,9.513863,-1.177269,-0.651955,-0.756755,0.023195,0.041589,0.086203,0.195819,0.390573,-5.918576,6.579586,-1.646117,-0.528340,-0.763669,-0.100902,0.357040,0.232003,0.136222,0.394830,2.653197,8.178096,1.298827,-0.631909,-0.510530,0.511374,0.280247
0.060541,0.117264,0.370882,-0.545564,9.896714,-1.292124,-0.652407,-0.756450,0.024377,0.039320,0.118130,0.242645,0.386316,-5.974118,6.758419,-1.682128,-0.529716,-0.764748,-0.098270,0.353406,0.218168,0.105359,0.432078,3.026121,8.460078,1.163329,-0.633371,-0.509427,0.512769,0.276378
0.081267,0.123264,0.454604,-0.440279,10.308280,-1.406980,-0.652699,-0.756281,0.026115,0.036496,0.144736,0.277765,0.392702,-6.062008,7.012936,-1.811522,-0.529549,-0.767662,-0.095515,0.348056,0.184112,0.089396,0.437400,3.411253,8.919673,0.942382,-0.634965,-0.507982,0.514215,0.272668
0.093539,0.110992,0.503964,-0.277567,10.595419,-1.493121,-0.653083,-0.756016,0.028553,0.033151,0.155378,0.308627,0.437400,-6.136471,7.271114,-1.967162,-0.529145,-0.770823,-0.092768,0.342379,0.143671,0.021285,0.392702,3.765257,9.337152,0.825805,-0.636313,-0.506276,0.515778,0.269730
0.095448,0.096811,0.538870,-0.028714,10.825130,-1.627119,-0.652105,-0.756897,0.033190,0.027519,0.160699,0.336297,0.517217,-6.177365,7.463985,-2.117308,-0.528633,-0.774185,-0.089833,0.336313,0.112809,-0.070239,0.311820,4.028318,9.697870,0.565185,-0.637137,-0.504524,0.517427,0.267906
0.092175,0.067086,0.545688,0.210568,10.710274,-1.780260,-0.650751,-0.758015,0.037742,0.022454,0.162828,0.355454,0.617255,-6.083981,7.606197,-2.285155,-0.528519,-0.777651,-0.086046,0.329415,0.093652,-0.142607,0.222425,4.025266,9.961542,0.164184,-0.637330,-0.503105,0.518857,0.267348
0.076358,0.036543,0.535598,0.497707,10.633704,-1.875973,-0.649562,-0.758909,0.042540,0.017553,0.156442,0.359711,0.716228,-5.899655,7.650753,-2.385863,-0.528814,-0.781105,-0.081427,0.321857,0.080882,-0.163892,0.163892,3.898313,10.069574,-0.189819,-0.636836,-0.502484,0.519789,0.267881
0.054269,0.018544,0.477238,0.832702,10.356136,-1.962115,-0.648547,-0.759599,0.047079,0.013104,0.145800,0.348004,0.803495,-5.659787,7.659297,-2.439574,-0.529589,-0.784419,-0.075923,0.313769,0.077689,-0.146864,0.147928,3.833006,9.989008,-0.480957,-0.635532,-0.502798,0.520705,0.268611
0.026998,-0.010363,0.400335,1.052842,10.174282,-1.904687,-0.647849,-0.759974,0.051346,0.009238,0.124515,0.312884,0.855643,-5.405271,7.611690,-2.519530,-0.530518,-0.787506,-0.070002,0.305738,0.091524,-0.100038,0.188369,3.805540,9.786982,-0.600586,-0.634174,-0.503309,0.521907,0.268529
0.000273,-0.024271,0.316341,1.244268,9.868001,-1.799403,-0.647504,-0.760035,0.055153,0.005924,0.098974,0.258608,0.865221,-5.128171,7.578731,-2.509154,-0.531875,-0.790145,-0.063572,0.297877,0.119194,-0.048955,0.187305,3.901975,9.390863,-0.664672,-0.632721,-0.503991,0.523706,0.267172
-0.016908,-0.027271,0.245710,1.320838,9.561719,-1.684547,-0.647411,-0.759883,0.058478,0.003049,0.062790,0.220296,0.865221,-4.971311,7.534175,-2.500609,-0.533236,-0.792471,-0.057248,0.290453,0.142607,-0.004257,0.170277,3.951414,8.954463,-0.653686,-0.632002,-0.503943,0.526098,0.264250
-0.034088,-0.022907,0.199077,1.272982,9.274581,-1.560120,-0.647591,-0.759502,0.061432,0.000432,0.032991,0.178791,0.815202,-4.729001,7.506099,-2.459105,-0.535190,-0.794199,-0.050733,0.283262,0.146864,0.043634,0.183048,3.958738,8.560176,-0.576172,-0.632560,-0.503009,0.528054,0.260767
-0.044451,-0.022635,0.177260,1.311267,9.140582,-1.540978,-0.647820,-0.759074,0.064219,-0.002037,-0.008514,0.086203,0.723678,-4.541624,7.441402,-2.501830,-0.536387,-0.795610,-0.045306,0.277908,0.136222,0.068111,0.222425,3.945310,8.212276,-0.406494,-0.633860,-0.501698,0.529307,0.257578
-0.034088,-0.019362,0.148898,1.301695,9.064013,-1.483550,-0.648068,-0.758632,0.066764,-0.004356,-0.002128,0.118130,0.611934,-4.268186,7.383419,-2.448119,-0.537959,-0.796781,-0.040173,0.272247,0.118130,0.077689,0.235195,4.031980,7.966914,-0.284424,-0.635341,-0.500245,0.530427,0.254433
-0.029452,0.003545,0.132263,1.330409,9.073584,-1.483550,-0.648276,-0.758234,0.069036,-0.006743,-0.006385,0.089396,0.443785,-4.172361,7.448726,-2.402342,-0.540207,-0.796903,-0.035991,0.267988,0.111744,0.084074,0.176663,4.200437,7.782588,-0.162353,-0.636722,-0.499078,0.531201,0.251640
-0.027543,0.010908,0.112356,1.349552,9.284152,-1.397408,-0.648864,-0.757528,0.070981,-0.008946,-0.014899,0.039377,0.266058,-4.114377,7.564083,-2.391966,-0.542250,-0.796439,-0.033246,0.265586,0.098974,0.081946,0.142607,4.317625,7.750240,-0.025024,-0.638080,-0.498036,0.531678,0.249248
-0.036270,0.017726,0.099811,1.311267,9.542577,-1.349552,-0.649856,-0.756508,0.072508,-0.010820,-0.015963,-0.005321,0.106423,-4.168699,7.719722,-2.395018,-0.543801,-0.795526,-0.032161,0.265287,0.069175,0.072368,0.150057,4.467161,7.891231,0.057373,-0.639556,-0.496759,0.532113,0.247076
-0.023453,0.023998,0.082903,1.253839,9.772287,-1.397408,-0.650894,-0.755478,0.073672,-0.012432,-0.017028,-0.040441,-0.032991,-4.304197,7.870479,-2.432860,-0.544316,-0.794568,-0.032902,0.267005,0.025542,0.043634,0.160699,4.580686,8.156123,0.086670,-0.641125,-0.495105,0.532588,0.245300
-0.016635,0.017726,0.058632,1.196411,9.954143,-1.473979,-0.652038,-0.754409,0.074327,-0.013436,-0.015963,-0.067047,-0.134093,-4.370725,7.969966,-2.452391,-0.544589,-0.793493,-0.034271,0.269460,-0.014899,0.015963,0.121322,4.680783,8.507686,0.100098,-0.642650,-0.493386,0.532821,0.244263
-0.010908,-0.000273,0.029998,1.186840,10.145568,-1.493121,-0.653144,-0.753485,0.074041,-0.013141,-0.020220,-0.090460,-0.212846,-4.532468,8.057857,-2.458495,-0.544216,-0.792514,-0.036492,0.272783,-0.046826,-0.018092,0.052147,4.699094,8.743281,0.073242,-0.643973,-0.491806,0.532742,0.244138
-0.007909,-0.002182,-0.000273,1.177269,10.193424,-1.445265,-0.654238,-0.752587,0.073585,-0.012692,-0.017028,-0.094717,-0.258608,-4.605710,8.086543,-2.458495,-0.543689,-0.791506,-0.039039,0.276384,-0.067047,-0.044698,-0.035120,4.654538,8.996577,0.031738,-0.645002,-0.490625,0.532168,0.245047
0.000818,-0.008454,-0.033270,1.177269,10.193424,-1.464407,-0.655181,-0.751872,0.072670,-0.011686,-0.025542,-0.104295,-0.294792,-4.709470,8.107905,-2.482298,-0.542412,-0.790876,-0.042093,0.280222,-0.076625,-0.058533,-0.090460,4.531248,9.153438,-0.062256,-0.645761,-0.489868,0.531152,0.246760
0.005727,-0.021817,-0.067632,1.081556,10.059426,-1.493121,-0.654397,-0.752698,0.071433,-0.009989,-0.031927,-0.111744,-0.320334,-4.752805,8.069453,-2.450560,-0.541945,-0.789607,-0.044986,0.284225,-0.086203,-0.068111,-0.146864,4.373167,9.177240,-0.126343,-0.646175,-0.489643,0.529671,0.249295
0.010090,-0.040088,-0.104447,1.071985,10.059426,-1.426122,-0.655196,-0.752150,0.070091,-0.008159,-0.035120,-0.122387,-0.351197,-4.805295,7.951045,-2.430418,-0.540064,-0.789412,-0.048160,0.287806,-0.086203,-0.054276,-0.178791,4.224241,9.130855,-0.108643,-0.646440,-0.489802,0.527853,0.252135
0.009817,-0.056723,-0.133354,1.062413,9.906285,-1.493121,-0.654027,-0.753211,0.069735,-0.007075,-0.040441,-0.125579,-0.366096,-4.804685,7.872921,-2.409667,-0.539195,-0.789332,-0.049670,0.289394,-0.090460,-0.021285,-0.177727,4.046628,9.036860,-0.075073,-0.646781,-0.490149,0.525763,0.254939
0.009545,-0.071995,-0.162806,0.976272,9.801002,-1.512264,-0.652909,-0.754301,0.068616,-0.004949,-0.041505,-0.130901,-0.373546,-4.888303,7.741695,-2.369994,-0.537833,-0.788381,-0.053245,0.293849,-0.086203,0.006385,-0.158571,3.937376,8.905635,0.002441,-0.647361,-0.490391,0.523625,0.257388
0.010636,-0.082085,-0.184078,0.861416,9.705289,-1.473979,-0.652451,-0.754895,0.066552,-0.001693,-0.042569,-0.131965,-0.373546,-4.889524,7.642818,-2.331542,-0.536269,-0.787568,-0.056825,0.298186,-0.075561,0.006385,-0.152185,3.883054,8.821406,0.050049,-0.647961,-0.490580,0.521574,0.259672
0.006000,-0.073358,-0.179442,0.784846,9.600004,-1.473979,-0.651932,-0.755521,0.064514,0.001421,-0.039377,-0.137286,-0.375674,-4.931638,7.540279,-2.281493,-0.536616,-0.785860,-0.058948,0.301635,-0.063854,0.012771,-0.154314,3.804929,8.751216,0.106811,-0.648550,-0.490832,0.519514,0.261846
0.005181,-0.056450,-0.170170,0.708275,9.647861,-1.512264,-0.651248,-0.756265,0.062558,0.004213,-0.036184,-0.128772,-0.376738,-5.015866,7.451778,-2.247313,-0.534911,-0.785092,-0.062548,0.305908,-0.052147,0.012771,-0.140479,3.721922,8.718257,0.173340,-0.649115,-0.491076,0.517553,0.263863
0.013090,-0.048815,-0.155443,0.650848,9.676575,-1.502693,-0.650857,-0.756751,0.060453,0.007064,-0.029799,-0.125579,-0.373546,-5.083005,7.404171,-2.257079,-0.532839,-0.785028,-0.065555,0.309042,-0.046826,0.006385,-0.122387,3.656614,8.729243,0.231933,-0.649656,-0.491248,0.515731,0.265773
0.017726,-0.040088,-0.134718,0.555135,9.762716,-1.512264,-0.650644,-0.757065,0.058399,0.009752,-0.025542,-0.123451,-0.379931,-5.130002,7.404781,-2.221678,-0.533177,-0.783775,-0.066965,0.311329,-0.039377,-0.010642,-0.096845,3.652342,8.854976,0.269775,-0.650122,-0.491305,0.514155,0.267577
0.026453,-0.028089,-0.111265,0.516850,9.820144,-1.627119,-0.649492,-0.758129,0.057099,0.011482,-0.017028,-0.112809,-0.359711,-5.314328,7.402950,-2.205199,-0.531877,-0.782658,-0.070352,0.315588,-0.035120,-0.013835,-0.076625,3.629148,8.963008,0.269165,-0.650534,-0.491361,0.512671,0.269313
0.021271,-0.019908,-0.079631,0.459422,9.982856,-1.617548,-0.648823,-0.758788,0.055482,0.013507,-0.014899,-0.100038,-0.328848,-5.441281,7.438961,-2.202147,-0.530834,-0.781468,-0.073454,0.319560,-0.034055,-0.019156,-0.056404,3.602903,9.093623,0.269775,-0.650879,-0.491412,0.511285,0.271016
0.020180,-0.006000,-0.054542,0.401994,10.049855,-1.674976,-0.647964,-0.759590,0.054130,0.015082,-0.008514,-0.087267,-0.273508,-5.542599,7.445064,-2.208861,-0.529505,-0.780627,-0.076341,0.323125,-0.032991,-0.030863,-0.044698,3.589475,9.247431,0.220947,-0.651018,-0.491580,0.509986,0.272820
0.023998,-0.000273,-0.028089,0.478565,10.116854,-1.713261,-0.646693,-0.760683,0.053911,0.015318,-0.005321,-0.067047,-0.208590,-5.586545,7.470699,-2.214354,-0.529492,-0.780548,-0.076452,0.323309,-0.027670,-0.036184,-0.046826,3.569944,9.349970,0.257568,-0.651092,-0.491778,0.508724,0.274636
0.021817,0.012545,-0.016362,0.516850,10.202995,-1.665405,-0.647281,-0.760153,0.054627,0.014197,-0.002128,-0.050019,-0.142607,-5.626828,7.456050,-2.221068,-0.527896,-0.781037,-0.077845,0.324407,-0.023413,-0.039377,-0.051083,3.573606,9.444574,0.191650,-0.650937,-0.492212,0.507456,0.276565
0.009817,0.011726,-0.007909,0.430708,10.202995,-1.607977,-0.648007,-0.759589,0.053596,0.015170,-0.002128,-0.030863,-0.071304,-5.673214,7.460933,-2.207640,-0.528712,-0.779992,-0.078083,0.325532,-0.019156,-0.026606,-0.043634,3.592527,9.456171,0.193481,-0.650875,-0.492635,0.506150,0.278347
0.003818,0.011999,0.001636,0.430708,10.126426,-1.684547,-0.647091,-0.760409,0.052816,0.015949,-0.001064,-0.009578,-0.004257,-5.653073,7.438961,-2.227782,-0.528152,-0.780814,-0.077673,0.324569,-0.013835,-0.022349,-0.024477,3.542478,9.476923,0.185547,-0.650767,-0.493102,0.504926,0.279990
-0.005454,-0.003000,0.009545,0.449851,10.078569,-1.531407,-0.648214,-0.759450,0.052836,0.015949,0.002128,0.002128,0.048955,-5.604855,7.437129,-2.200316,-0.529452,-0.780586,-0.076149,0.323356,-0.005321,-0.010642,-0.009578,3.567503,9.411005,0.180664,-0.650780,-0.493512,0.503716,0.281414
-0.008454,-0.012817,0.025089,0.497707,10.030712,-1.550549,-0.649258,-0.758516,0.053632,0.015229,0.001064,0.022349,0.097909,-5.524289,7.423702,-2.188109,-0.530585,-0.780830,-0.074262,0.321341,0.004257,0.000000,0.001064,3.607176,9.343866,0.221557,-0.651119,-0.493624,0.502557,0.282501
-0.010363,-0.031089,0.046088,0.488136,9.877572,-1.588834,-0.648468,-0.759114,0.054986,0.014268,0.003193,0.043634,0.144736,-5.527340,7.395015,-2.186278,-0.530176,-0.780981,-0.074589,0.321573,0.013835,0.007450,0.012771,3.612058,9.197992,0.245361,-0.651731,-0.493437,0.501557,0.283193
-0.015817,-0.050451,0.058632,0.593420,9.829716,-1.435694,-0.649552,-0.758104,0.056261,0.013637,0.008514,0.060661,0.188369,-5.448605,7.366329,-2.194823,-0.530694,-0.782004,-0.072507,0.318698,0.026606,0.006385,0.031927,3.634031,9.036250,0.249634,-0.652598,-0.492824,0.500978,0.283289
-0.007363,-0.041997,0.069540,0.669990,9.791430,-1.435694,-0.650391,-0.757281,0.057907,0.012474,0.013835,0.064918,0.209654,-5.385129,7.339473,-2.205199,-0.530323,-0.783320,-0.071133,0.316385,0.042569,0.014899,0.022349,3.751219,8.912959,0.229492,-0.653576,-0.491835,0.501234,0.282299
-0.002454,-0.011181,0.067632,0.717847,9.724431,-1.464407,-0.650874,-0.756757,0.059646,0.010743,0.018092,0.069175,0.210718,-5.269773,7.333980,-2.171630,-0.532048,-0.783251,-0.068845,0.314157,0.056404,0.013835,0.042569,3.763426,8.809199,0.225220,-0.654496,-0.490799,0.501817,0.280932
0.006000,0.011454,0.067086,0.756132,9.743574,-1.464407,-0.651266,-0.756316,0.061255,0.008816,0.022349,0.064918,0.186241,-5.202634,7.355953,-2.194213,-0.533161,-0.783846,-0.066435,0.311291,0.061725,0.009578,0.069175,3.782346,8.752437,0.197143,-0.655339,-0.489657,0.502825,0.279152
0.012545,0.011181,0.059450,0.698704,9.839287,-1.483550,-0.652000,-0.755602,0.062444,0.007335,0.025542,0.060661,0.150057,-5.229489,7.372432,-2.214965,-0.532474,-0.784282,-0.066732,0.311305,0.057469,0.009578,0.075561,3.794554,8.779902,0.139770,-0.655843,-0.488674,0.504300,0.277020
0.015272,0.020453,0.060541,0.717847,9.887143,-1.569692,-0.650834,-0.756567,0.063014,0.006567,0.025542,0.053212,0.118130,-5.206296,7.403560,-2.238158,-0.532300,-0.785424,-0.065338,0.309012,0.042569,0.014899,0.075561,3.859251,8.799434,0.169678,-0.656798,-0.487390,0.505281,0.275227
0.013090,0.029998,0.055905,0.746561,9.896714,-1.540978,-0.650335,-0.756888,0.064460,0.004575,0.024477,0.050019,0.094717,-5.244138,7.470699,-2.254027,-0.532633,-0.785021,-0.065497,0.309429,0.032991,0.007450,0.067047,3.915403,8.884273,0.117187,-0.657050,-0.486567,0.506826,0.273235
0.010363,0.043906,0.043088,0.823131,9.944571,-1.598405,-0.649444,-0.757583,0.065365,0.003010,0.024477,0.041505,0.085139,-5.264890,7.503047,-2.292479,-0.531430,-0.785874,-0.065903,0.309244,0.021285,-0.008514,0.048955,3.949583,8.936763,0.045166,-0.656374,-0.486715,0.508210,0.272023
0.011726,0.048269,0.034907,0.861416,9.973285,-1.636691,-0.648488,-0.758343,0.066097,0.001566,0.019156,0.036184,0.076625,-5.263059,7.532955,-2.309569,-0.532493,-0.786029,-0.064223,0.307369,0.015963,-0.014899,0.030863,3.983762,9.005122,0.011597,-0.655507,-0.487103,0.509405,0.271183
0.004091,0.046906,0.019362,0.880559,9.944571,-1.617548,-0.648095,-0.758586,0.067171,-0.000335,0.014899,0.027670,0.069175,-5.270993,7.548213,-2.335814,-0.531377,-0.786631,-0.064848,0.307632,0.015963,-0.012771,0.008514,3.960569,9.055781,-0.028687,-0.654363,-0.488046,0.510045,0.271046
0.000545,0.062723,0.005181,0.784846,9.963714,-1.627119,-0.648016,-0.758796,0.065529,0.000670,0.010642,0.015963,0.055340,-5.233151,7.543941,-2.327879,-0.532636,-0.786412,-0.063364,0.306318,0.011707,-0.005321,0.009578,3.928831,9.076533,-0.048828,-0.653235,-0.489152,0.510336,0.271226
-0.000818,0.047997,-0.008727,0.813560,9.925428,-1.588834,-0.648861,-0.758184,0.064231,0.001379,0.004257,0.004257,0.044698,-5.217893,7.543941,-2.313841,-0.532128,-0.786228,-0.064217,0.307494,0.009578,0.000000,0.006385,3.929441,9.061885,-0.026245,-0.652150,-0.490370,0.510307,0.271690
-0.003545,0.032452,-0.021271,0.803988,9.887143,-1.636691,-0.647842,-0.759099,0.063709,0.001539,-0.001064,-0.007450,0.034055,-5.192868,7.541500,-2.312621,-0.532834,-0.786484,-0.062724,0.305922,0.004257,0.005321,-0.007450,3.919676,8.994136,0.004272,-0.653124,-0.489629,0.509659,0.271902
-0.007636,0.042542,-0.033816,0.823131,9.858429,-1.617548,-0.647385,-0.759438,0.064330,0.000123,-0.007450,-0.013835,0.028734,-5.184934,7.511592,-2.308959,-0.532095,-0.786423,-0.063672,0.307167,0.003193,0.010642,-0.015963,3.896482,8.931880,0.023193,-0.654137,-0.488869,0.509013,0.272045
-0.009545,0.049633,-0.055360,0.765703,9.839287,-1.493121,-0.648500,-0.758593,0.063058,0.000650,-0.009578,-0.019156,0.021285,-5.137326,7.471920,-2.291259,-0.533068,-0.786394,-0.062205,0.305851,-0.002128,0.018092,-0.022349,3.909300,8.848262,0.075073,-0.655234,-0.487833,0.508843,0.271583
-0.020998,0.044997,-0.075540,0.756132,9.820144,-1.502693,-0.649676,-0.757704,0.061603,0.001424,-0.011707,-0.025542,0.005321,-5.125119,7.465816,-2.262572,-0.533679,-0.785435,-0.062591,0.307169,-0.001064,0.021285,-0.031927,3.873289,8.784785,0.131226,-0.656256,-0.487196,0.507987,0.271861
-0.018544,0.049906,-0.073904,0.784846,9.810573,-1.416551,-0.650924,-0.756705,0.060703,0.001469,-0.012771,-0.028734,-0.014899,-5.155026,7.462764,-2.250975,-0.533412,-0.784831,-0.063696,0.308945,-0.005321,0.022349,-0.028734,3.841551,8.774409,0.155640,-0.657186,-0.486764,0.506877,0.272461
-0.006545,0.059996,-0.066268,0.698704,9.810573,-1.397408,-0.652009,-0.755883,0.059269,0.002005,-0.010642,-0.031927,-0.037248,-5.130612,7.474971,-2.249755,-0.533908,-0.784976,-0.062683,0.307925,-0.008514,0.019156,-0.012771,3.826292,8.802485,0.184326,-0.658040,-0.486411,0.505712,0.273192-0.001909,0.059178,-0.059450,0.669990,9.858429,-1.445265,-0.652809,-0.755329,0.057456,0.003028,-0.006385,-0.037248,-0.056404,-5.184323,7.470088,-2.254637,-0.532869,-0.784837,-0.064170,0.309766,-0.012771,0.018092,-0.006385,3.882444,8.858638,0.173950,-0.659234,-0.485346,0.505273,0.273021
0.002182,0.047178,-0.055087,0.650848,9.887143,-1.502693,-0.652259,-0.755933,0.055650,0.004330,-0.006385,-0.038312,-0.071304,-5.208127,7.473751,-2.250365,-0.532922,-0.783906,-0.065320,0.311787,-0.011707,0.008514,-0.014899,3.862303,8.928828,0.181274,-0.658857,-0.486314,0.504050,0.274464
0.004091,0.039815,-0.045542,0.650848,9.906285,-1.531407,-0.651201,-0.756905,0.054793,0.004690,-0.002128,-0.039377,-0.083010,-5.258176,7.488399,-2.266234,-0.531793,-0.784603,-0.065751,0.311871,-0.008514,0.002128,-0.012771,3.835447,8.999629,0.172119,-0.658085,-0.487517,0.503222,0.275700
0.005727,0.050996,-0.039270,0.612563,9.934999,-1.569692,-0.650256,-0.757801,0.053544,0.005341,-0.002128,-0.037248,-0.081946,-5.274045,7.499385,-2.254027,-0.532836,-0.783741,-0.065457,0.312319,-0.008514,0.003193,-0.018092,3.807981,9.025264,0.155029,-0.657144,-0.488802,0.502640,0.276730
0.007363,0.053451,-0.043633,0.669990,9.963714,-1.540978,-0.650739,-0.757365,0.053985,0.003874,0.001064,-0.032991,-0.073432,-5.336911,7.512813,-2.258300,-0.531555,-0.783776,-0.067043,0.314073,-0.006385,0.005321,-0.019156,3.784178,9.064937,0.159302,-0.656458,-0.489995,0.501633,0.278071
0.007909,0.061905,-0.054814,0.555135,9.954143,-1.531407,-0.650892,-0.757371,0.051878,0.005252,0.002128,-0.028734,-0.060661,-5.340573,7.511592,-2.266845,-0.530875,-0.784484,-0.066862,0.313493,-0.003193,0.005321,-0.017028,3.776853,9.102168,0.155640,-0.655642,-0.491264,0.500791,0.279272
0.006818,0.066813,-0.039543,0.564706,10.001999,-1.550549,-0.650722,-0.757644,0.049864,0.006505,0.004257,-0.021285,-0.041505,-5.377194,7.490230,-2.276610,-0.529945,-0.784285,-0.068287,0.315251,0.001064,0.001064,-0.021285,3.753660,9.093013,0.179443,-0.656347,-0.490923,0.499753,0.280074
0.009272,0.052360,-0.023453,0.555135,10.001999,-1.569692,-0.649603,-0.758643,0.049268,0.006409,0.002128,-0.013835,-0.018092,-5.356442,7.461544,-2.249755,-0.531071,-0.783444,-0.067858,0.315540,0.004257,-0.004257,-0.018092,3.718260,9.112544,0.164184,-0.655276,-0.492268,0.499308,0.281014
0.007090,0.034907,-0.022907,0.526421,9.925428,-1.540978,-0.650522,-0.757917,0.048225,0.006989,0.001064,-0.008514,0.002128,-5.352170,7.484127,-2.232054,-0.532324,-0.782912,-0.066821,0.314970,0.002128,-0.003193,-0.008514,3.726804,9.057612,0.126953,-0.654699,-0.492438,0.500406,0.280106
0.002454,0.025907,-0.024271,0.555135,9.934999,-1.454836,-0.651568,-0.757029,0.048114,0.006610,0.003193,-0.001064,0.024477,-5.350339,7.467037,-2.219847,-0.531540,-0.782869,-0.067848,0.316180,0.004257,0.006385,-0.011707,3.755491,9.072871,0.155640,-0.655654,-0.491305,0.500719,0.279301
-0.007363,0.027543,-0.020453,0.564706,9.877572,-1.454836,-0.652609,-0.756125,0.048302,0.005877,0.002128,0.007450,0.043634,-5.315549,7.446895,-2.235106,-0.531480,-0.783656,-0.066768,0.314557,0.007450,0.013835,-0.010642,3.744505,9.055171,0.189209,-0.656563,-0.490753,0.499861,0.279673
-0.002454,0.026180,-0.011454,0.574277,9.839287,-1.493121,-0.652043,-0.756569,0.049153,0.004499,0.003193,0.012771,0.054276,-5.324704,7.436519,-2.223510,-0.531504,-0.783162,-0.067374,0.315615,0.005321,0.009578,0.017028,3.761595,8.968501,0.176391,-0.657061,-0.489807,0.500977,0.278160
0.002454,0.032180,-0.003272,0.545564,9.877572,-1.473979,-0.652848,-0.755941,0.048021,0.005273,0.005321,0.012771,0.056404,-5.275266,7.425533,-2.247313,-0.531309,-0.784047,-0.066330,0.313965,0.014899,0.007450,0.009578,3.815305,8.923335,0.159302,-0.657287,-0.489125,0.502189,0.276639
0.008727,0.032725,0.005181,0.660419,9.906285,-1.473979,-0.652898,-0.755837,0.049140,0.003479,0.005321,0.010642,0.047890,-5.263059,7.416378,-2.249144,-0.530759,-0.785003,-0.065660,0.312644,0.018092,-0.001064,0.011707,3.813474,8.938594,0.179443,-0.658168,-0.487941,0.502768,0.275578
0.005727,0.027271,0.006272,0.545564,9.877572,-1.502693,-0.652140,-0.756554,0.048083,0.004350,0.006385,0.008514,0.040441,-5.267331,7.436519,-2.256469,-0.531382,-0.784240,-0.065818,0.313463,0.012771,-0.006385,0.031927,3.775633,8.932490,0.120850,-0.657103,-0.488923,0.503225,0.275547
0.004909,0.015817,0.012272,0.602991,9.915857,-1.512264,-0.651710,-0.756854,0.049299,0.002743,0.007450,0.006385,0.038312,-5.267941,7.434688,-2.268676,-0.530516,-0.785209,-0.065533,0.312567,0.009578,-0.006385,0.032991,3.798216,8.940425,0.109863,-0.656121,-0.489668,0.503995,0.275158
-0.006545,-0.019635,0.001364,0.602991,9.896714,-1.426122,-0.652828,-0.755884,0.049379,0.002889,0.006385,0.004257,0.030863,-5.257565,7.456050,-2.254637,-0.531805,-0.784561,-0.064615,0.312192,0.010642,0.003193,0.017028,3.812864,8.963618,0.079956,-0.655170,-0.490450,0.504715,0.274710
-0.018271,-0.059996,-0.025089,0.516850,9.944571,-1.416551,-0.653723,-0.755149,0.048657,0.004540,0.005321,0.000000,0.028734,-5.260007,7.487178,-2.272948,-0.531093,-0.785484,-0.064159,0.311175,0.011707,0.007450,0.009578,3.852537,9.024653,0.094604,-0.656001,-0.489298,0.505431,0.273460
-0.027816,-0.107174,-0.046906,0.478565,9.944571,-1.493121,-0.653404,-0.755457,0.047849,0.007034,0.004257,0.000000,0.027670,-5.302732,7.491451,-2.261962,-0.531250,-0.784840,-0.064762,0.312407,0.009578,0.000000,0.017028,3.844602,9.069209,0.109863,-0.655671,-0.490119,0.504417,0.274651
-0.020726,-0.124900,-0.024816,0.526421,9.992428,-1.598405,-0.652420,-0.756252,0.048545,0.008123,0.004257,-0.002128,0.021285,-5.300900,7.517696,-2.276000,-0.531391,-0.784169,-0.065416,0.313711,0.001064,-0.006385,0.030863,3.842771,9.022212,0.142822,-0.656590,-0.489335,0.503814,0.274962
-0.013363,-0.102811,0.019908,0.555135,9.944571,-1.579263,-0.651461,-0.756992,0.049855,0.008257,0.001064,0.001064,0.024477,-5.280149,7.528072,-2.276000,-0.531673,-0.784717,-0.064193,0.312111,0.000000,-0.011707,0.032991,3.839109,8.984370,0.185547,-0.657566,-0.488379,0.503385,0.275113
-0.012272,-0.057814,0.040088,0.583849,9.877572,-1.454836,-0.652405,-0.756092,0.051261,0.007547,0.003193,0.000000,0.026606,-5.263059,7.526851,-2.246093,-0.532986,-0.784074,-0.063226,0.311686,0.003193,-0.019156,0.010642,3.911131,8.935542,0.225220,-0.658529,-0.487097,0.503663,0.274575
-0.003545,-0.049087,0.043906,0.622134,9.915857,-1.378266,-0.653411,-0.755152,0.052345,0.007076,0.003193,0.003193,0.027670,-5.230710,7.519527,-2.219237,-0.534292,-0.783410,-0.062318,0.311301,0.010642,-0.018092,-0.011707,3.949583,8.909297,0.233765,-0.659347,-0.485938,0.504065,0.273924
0.008454,-0.053996,0.043906,0.612563,9.887143,-1.311267,-0.654383,-0.754253,0.053180,0.006957,0.003193,0.005321,0.022349,-5.230100,7.490840,-2.238158,-0.533087,-0.784147,-0.062886,0.311398,0.014899,-0.015963,-0.002128,3.875120,8.918452,0.233154,-0.660098,-0.485312,0.503464,0.274333
0.013635,-0.052360,0.043633,0.641276,9.839287,-1.464407,-0.653532,-0.754880,0.054851,0.005946,0.005321,0.003193,0.011707,-5.224607,7.465206,-2.261351,-0.531879,-0.784970,-0.063326,0.311302,0.011707,-0.022349,0.028734,3.850096,8.901973,0.161133,-0.659000,-0.486088,0.504280,0.274099
0.018544,-0.045542,0.042542,0.631705,9.896714,-1.540978,-0.652293,-0.755898,0.055573,0.005950,0.008514,0.000000,-0.008514,-5.234372,7.451778,-2.263182,-0.530632,-0.785323,-0.064489,0.312297,0.004257,-0.022349,0.032991,3.836668,8.884883,0.080566,-0.657978,-0.486719,0.505189,0.273761
0.010636,-0.038452,0.035452,0.641276,9.877572,-1.521835,-0.651128,-0.756848,0.056327,0.005798,0.008514,-0.004257,-0.024477,-5.200192,7.435298,-2.266234,-0.531057,-0.785629,-0.063450,0.311015,0.004257,-0.010642,0.008514,3.817747,8.916621,0.054932,-0.656880,-0.487683,0.505657,0.273819
0.008454,-0.045542,0.016908,0.612563,9.858429,-1.502693,-0.651636,-0.756447,0.055640,0.007288,0.005321,-0.008514,-0.027670,-5.271604,7.456661,-2.269896,-0.530526,-0.785212,-0.064732,0.312706,0.005321,-0.002128,-0.004257,3.875120,8.912959,0.036621,-0.655985,-0.488304,0.506503,0.273294
0.001909,-0.044179,-0.000545,0.602991,9.858429,-1.502693,-0.651849,-0.756317,0.054647,0.009098,0.004257,-0.012771,-0.023413,-5.302732,7.474361,-2.274169,-0.530086,-0.784729,-0.065931,0.314409,0.004257,0.001064,-0.009578,3.903806,8.933711,0.069580,-0.655527,-0.488334,0.507627,0.272251
0.003545,-0.053723,-0.014726,0.622134,9.896714,-1.473979,-0.652540,-0.755644,0.055794,0.008497,0.000000,-0.019156,-0.025542,-5.265500,7.471920,-2.276000,-0.530434,-0.785053,-0.064903,0.313224,0.005321,0.005321,-0.015963,3.910520,8.945918,0.098267,-0.656519,-0.487510,0.507106,0.272308
0.003272,-0.062723,-0.007363,0.555135,9.877572,-1.435694,-0.653356,-0.754954,0.055356,0.009887,-0.001064,-0.025542,-0.039377,-5.260617,7.476802,-2.271727,-0.531075,-0.785096,-0.063859,0.312244,0.006385,-0.001064,-0.015963,3.878782,8.953853,0.130005,-0.656853,-0.487683,0.505881,0.273468
0.006000,-0.046906,0.002454,0.602991,9.982856,-1.550549,-0.652238,-0.755871,0.056027,0.009880,0.000000,-0.029799,-0.055340,-5.296018,7.490230,-2.256469,-0.531100,-0.784247,-0.064913,0.314113,0.002128,-0.008514,-0.015963,3.848875,8.987422,0.141601,-0.656773,-0.488263,0.504643,0.274910
0.011454,-0.023453,0.016090,0.555135,10.001999,-1.579263,-0.651113,-0.756839,0.055939,0.010429,-0.001064,-0.027670,-0.055340,-5.291135,7.477413,-2.233275,-0.532140,-0.783317,-0.064722,0.314713,-0.001064,-0.012771,-0.009578,3.809812,9.020991,0.216064,-0.657258,-0.488107,0.503585,0.275967
0.010636,0.006818,0.014454,0.583849,9.982856,-1.521835,-0.652075,-0.755989,0.056339,0.009827,0.000000,-0.022349,-0.055340,-5.327146,7.464595,-2.266845,-0.530753,-0.783951,-0.065659,0.315282,-0.004257,-0.015963,-0.006385,3.786619,9.050288,0.141601,-0.656354,-0.489270,0.502964,0.277189
0.002182,0.010636,-0.005454,0.593420,9.906285,-1.550549,-0.650990,-0.756922,0.056391,0.009657,-0.001064,-0.018092,-0.036184,-5.350339,7.473140,-2.249755,-0.529873,-0.783742,-0.067078,0.316978,-0.010642,-0.015963,0.006385,3.755491,9.060664,0.075684,-0.655277,-0.490261,0.503157,0.277635
-0.002182,0.013635,-0.020998,0.602991,9.810573,-1.521835,-0.650470,-0.757316,0.057286,0.008388,0.001064,-0.011707,-0.013835,-5.378415,7.468868,-2.235106,-0.530926,-0.782845,-0.066835,0.317485,-0.008514,-0.005321,0.006385,3.740843,9.053340,0.070801,-0.654245,-0.491322,0.503208,0.278098
-0.003272,0.031361,-0.029998,0.574277,9.868001,-1.454836,-0.651508,-0.756490,0.056320,0.008911,0.000000,-0.006385,0.017028,-5.327146,7.442623,-2.257079,-0.530390,-0.783693,-0.066275,0.316403,0.011707,0.013835,-0.026606,3.769529,9.000850,0.103760,-0.654579,-0.490679,0.504114,0.276806
-0.001909,0.029998,-0.022362,0.516850,9.934999,-1.493121,-0.651926,-0.756230,0.054727,0.010239,0.000000,-0.005321,0.029799,-5.350339,7.425533,-2.255248,-0.529235,-0.784366,-0.066766,0.316567,0.019156,0.022349,-0.013835,3.770139,9.024043,0.130615,-0.655000,-0.490940,0.502794,0.277747
-0.005181,0.019090,-0.024544,0.468993,9.877572,-1.502693,-0.651866,-0.756374,0.053124,0.011768,0.000000,-0.002128,0.034055,-5.339353,7.443843,-2.274169,-0.529059,-0.785144,-0.065808,0.315129,0.013835,0.026606,0.024477,3.778684,9.003291,0.143433,-0.656176,-0.489989,0.502410,0.277343
-0.008181,0.008727,-0.024544,0.449851,9.925428,-1.435694,-0.652799,-0.755625,0.052088,0.012743,0.002128,0.001064,0.042569,-5.333859,7.440181,-2.241820,-0.529962,-0.784302,-0.065652,0.315742,0.007450,0.026606,0.031927,3.826902,9.011226,0.184936,-0.657426,-0.488804,0.502348,0.276585
-0.006545,0.011999,-0.006272,0.449851,9.906285,-1.483550,-0.652596,-0.755870,0.050703,0.014172,0.001064,0.005321,0.051083,-5.254514,7.482296,-2.246703,-0.530955,-0.784421,-0.064044,0.314102,0.008514,0.020220,0.006385,3.864134,9.002681,0.205688,-0.658544,-0.487674,0.502408,0.275811
-0.001636,0.020453,0.022362,0.526421,9.887143,-1.445265,-0.653210,-0.755291,0.051816,0.012593,0.004257,0.013835,0.065982,-5.270993,7.474971,-2.266234,-0.530706,-0.785331,-0.063011,0.312454,0.005321,0.002128,0.005321,3.838499,8.922725,0.199585,-0.659459,-0.486449,0.502952,0.274794
-0.001364,0.029725,0.043633,0.602991,9.820144,-1.397408,-0.653863,-0.754671,0.052995,0.010841,0.003193,0.014899,0.071304,-5.311276,7.467037,-2.243651,-0.530933,-0.784785,-0.063398,0.313360,0.009578,-0.001064,0.000000,3.900755,8.889155,0.185547,-0.659580,-0.485802,0.504173,0.273408
0.008727,0.034634,0.055087,0.631705,9.887143,-1.435694,-0.654030,-0.754450,0.054459,0.008728,0.004257,0.008514,0.061725,-5.249021,7.464595,-2.262572,-0.530791,-0.785633,-0.062268,0.311700,0.018092,-0.006385,-0.003193,3.967283,8.906856,0.145874,-0.659286,-0.485567,0.505476,0.272126
0.014181,0.024544,0.041452,0.631705,9.877572,-1.464407,-0.653424,-0.754897,0.055779,0.006943,0.004257,0.002128,0.037248,-5.246579,7.465206,-2.247924,-0.531321,-0.784871,-0.062524,0.312663,0.013835,-0.013835,0.027670,3.882444,8.952632,0.122681,-0.658166,-0.486643,0.505765,0.272377
0.008999,0.009545,0.035725,0.602991,9.915857,-1.512264,-0.652348,-0.755838,0.055602,0.007144,0.005321,-0.003193,0.012771,-5.229489,7.458492,-2.243041,-0.532222,-0.784001,-0.062437,0.313328,0.006385,-0.021285,0.029799,3.833616,8.942866,0.104980,-0.657123,-0.487716,0.505726,0.273049
0.012545,0.009545,0.012817,0.631705,9.934999,-1.502693,-0.651661,-0.756358,0.056744,0.005731,0.004257,-0.003193,-0.002128,-5.245969,7.471309,-2.269896,-0.531139,-0.784880,-0.062615,0.312932,0.002128,-0.002128,0.013835,3.869016,8.966060,0.127563,-0.656780,-0.488529,0.504706,0.274303
0.010908,0.013363,0.003818,0.593420,9.877572,-1.464407,-0.652335,-0.755845,0.055715,0.006681,0.005321,-0.005321,-0.007450,-5.275876,7.493282,-2.264403,-0.530318,-0.784750,-0.063853,0.314396,0.002128,-0.005321,0.000000,3.905027,8.952632,0.165405,-0.657773,-0.487310,0.504935,0.273672
0.013090,0.026453,0.009817,0.583849,9.915857,-1.445265,-0.653145,-0.755204,0.054849,0.007247,0.005321,-0.004257,-0.001064,-5.295407,7.515865,-2.253417,-0.531534,-0.784200,-0.062912,0.313904,0.003193,-0.015963,-0.010642,3.894041,8.970332,0.172729,-0.658648,-0.486462,0.504465,0.273940
0.001091,0.027816,0.020998,0.602991,9.915857,-1.445265,-0.654213,-0.754302,0.054539,0.007167,0.003193,-0.005321,0.007450,-5.267941,7.518306,-2.256469,-0.531783,-0.784705,-0.061764,0.312445,0.005321,-0.018092,-0.004257,3.837278,8.946528,0.173340,-0.658000,-0.487480,0.503571,0.275331
0.006272,0.022362,0.022907,0.583849,9.906285,-1.540978,-0.653115,-0.755263,0.054411,0.007090,0.002128,-0.003193,0.014899,-5.289304,7.498775,-2.258300,-0.531077,-0.784564,-0.062846,0.313781,0.008514,-0.008514,0.007450,3.833006,9.016109,0.100098,-0.656899,-0.488458,0.504071,0.275314
0.009272,0.018817,0.025362,0.564706,9.877572,-1.473979,-0.652814,-0.755596,0.053221,0.008255,0.000000,-0.003193,0.017028,-5.247190,7.468868,-2.262572,-0.530609,-0.785397,-0.062224,0.312610,0.007450,-0.004257,0.009578,3.845823,8.994136,0.075073,-0.655941,-0.489167,0.504870,0.274875
0.006272,0.019362,0.011999,0.650848,9.915857,-1.416551,-0.653606,-0.754869,0.053983,0.007052,0.003193,-0.004257,0.011707,-5.241086,7.487789,-2.226561,-0.531680,-0.784541,-0.061895,0.313005,0.008514,0.000000,-0.014899,3.884886,8.975215,0.088501,-0.655654,-0.488999,0.506039,0.273706
0.006272,0.013090,0.000000,0.631705,9.887143,-1.426122,-0.654439,-0.754109,0.054622,0.006056,0.001064,-0.008514,0.002128,-5.272214,7.462154,-2.257689,-0.530571,-0.784771,-0.062991,0.314090,0.013835,0.010642,-0.031927,3.902586,8.933711,0.155640,-0.656617,-0.488183,0.505677,0.273520
0.009817,0.005727,-0.000545,0.602991,9.906285,-1.502693,-0.653320,-0.755097,0.054334,0.006363,0.003193,-0.009578,-0.006385,-5.223386,7.462154,-2.246703,-0.531401,-0.784788,-0.061748,0.312891,0.009578,0.005321,-0.021285,3.886717,8.887324,0.185547,-0.657589,-0.487346,0.505250,0.273469
0.011999,0.013363,-0.005181,0.612563,9.887143,-1.435694,-0.654312,-0.754257,0.054072,0.006381,0.003193,-0.010642,-0.014899,-5.262448,7.454219,-2.255858,-0.530348,-0.784852,-0.063015,0.314259,0.004257,-0.006385,0.006385,3.884275,8.892817,0.148315,-0.658437,-0.486095,0.505910,0.272433
0.009272,0.014726,0.004091,0.555135,9.925428,-1.473979,-0.653603,-0.754938,0.052992,0.007454,0.004257,-0.010642,-0.021285,-5.264279,7.475582,-2.259520,-0.531075,-0.784909,-0.061882,0.313114,0.002128,-0.006385,0.013835,3.822630,8.984981,0.099487,-0.657465,-0.487265,0.505631,0.273208
0.001909,0.004636,-0.001364,0.535992,9.934999,-1.550549,-0.652581,-0.755848,0.052537,0.007966,0.002128,-0.010642,-0.024477,-5.270383,7.467647,-2.257079,-0.530225,-0.784738,-0.063236,0.314706,0.000000,-0.004257,-0.001064,3.809812,9.013057,0.084228,-0.656463,-0.488499,0.505280,0.274061
0.003818,0.007636,0.003000,0.593420,9.915857,-1.502693,-0.651897,-0.756378,0.053566,0.006697,0.001064,-0.014899,-0.024477,-5.269162,7.477413,-2.268676,-0.530222,-0.785281,-0.062399,0.313523,-0.001064,-0.004257,-0.006385,3.823850,9.004512,0.088501,-0.655424,-0.489745,0.504977,0.274879
0.002454,0.012272,0.003272,0.593420,9.877572,-1.493121,-0.652888,-0.755560,0.052974,0.007146,0.000000,-0.017028,-0.015963,-5.289304,7.463375,-2.267455,-0.529629,-0.784914,-0.063612,0.315194,-0.003193,-0.004257,-0.008514,3.829954,8.963618,0.104980,-0.656436,-0.488787,0.504542,0.274970
0.005181,0.027271,0.005727,0.583849,9.868001,-1.435694,-0.653941,-0.754664,0.052785,0.006899,0.000000,-0.013835,-0.008514,-5.316770,7.459102,-2.262572,-0.529275,-0.784409,-0.064698,0.316822,0.001064,-0.006385,-0.012771,3.840330,8.964839,0.141601,-0.657318,-0.488066,0.503871,0.275371
0.006545,0.017181,0.002182,0.583849,9.858429,-1.445265,-0.652935,-0.755571,0.052208,0.007368,0.001064,-0.015963,-0.007450,-5.311276,7.459713,-2.261962,-0.529624,-0.784792,-0.063564,0.315519,0.003193,-0.008514,-0.006385,3.850096,8.978267,0.150146,-0.656861,-0.488011,0.505082,0.274340
0.007090,0.017999,0.003000,0.555135,9.925428,-1.521835,-0.651857,-0.756527,0.051788,0.007646,0.002128,-0.017028,-0.005321,-5.300290,7.463375,-2.228392,-0.530660,-0.783879,-0.063294,0.316100,0.003193,-0.007450,0.005321,3.818357,8.994136,0.133057,-0.656314,-0.488982,0.504149,0.275634
0.005727,0.021271,-0.002454,0.593420,9.954143,-1.483550,-0.652715,-0.755759,0.052331,0.006632,0.000000,-0.012771,-0.002128,-5.264890,7.470699,-2.219237,-0.531753,-0.783621,-0.062063,0.315145,0.003193,-0.001064,0.001064,3.822019,9.000850,0.166016,-0.657014,-0.488619,0.503189,0.276361
-0.000545,0.022089,-0.008999,0.564706,9.925428,-1.473979,-0.653380,-0.755262,0.051050,0.007728,0.001064,-0.010642,0.003193,-5.284421,7.473140,-2.233275,-0.530507,-0.784218,-0.062805,0.315614,0.004257,0.005321,-0.011707,3.844602,8.985591,0.149536,-0.657081,-0.488103,0.504315,0.275059
0.003818,0.017999,-0.007363,0.535992,9.896714,-1.531407,-0.652294,-0.756220,0.050730,0.007869,0.004257,-0.007450,0.003193,-5.309445,7.463375,-2.248534,-0.529359,-0.784488,-0.063876,0.316653,0.009578,0.008514,-0.007450,3.806150,9.011836,0.170288,-0.657092,-0.488711,0.503024,0.276315
0.002454,0.007363,-0.008999,0.564706,9.896714,-1.454836,-0.653288,-0.755346,0.051033,0.007328,0.003193,-0.005321,0.005321,-5.320432,7.434078,-2.257689,-0.528099,-0.785129,-0.064593,0.317022,0.006385,0.008514,0.005321,3.829344,8.983760,0.123901,-0.656350,-0.489204,0.503938,0.275542
0.001364,0.005727,-0.009545,0.564706,9.982856,-1.473979,-0.654295,-0.754458,0.051346,0.006798,0.004257,-0.004257,0.009578,-5.332028,7.478023,-2.244262,-0.529346,-0.784434,-0.063798,0.316825,0.004257,0.005321,0.018092,3.837278,9.013667,0.155640,-0.657274,-0.488540,0.503198,0.275867
0.004091,0.004636,0.019090,0.535992,9.925428,-1.493121,-0.653305,-0.755340,0.050916,0.007321,0.005321,-0.002128,0.010642,-5.295407,7.452388,-2.249144,-0.530102,-0.784599,-0.062461,0.315414,0.010642,0.000000,0.005321,3.814085,9.019771,0.147705,-0.656301,-0.489819,0.502773,0.2766900.009545,0.007363,0.026180,0.545564,9.906285,-1.464407,-0.653551,-0.755188,0.049805,0.008536,0.005321,0.003193,0.028734,-5.305173,7.473140,-2.240599,-0.530641,-0.783823,-0.062741,0.316379,0.010642,-0.006385,0.012771,3.813474,8.994136,0.106811,-0.655532,-0.490187,0.503882,0.275844
0.004363,0.004091,0.028089,0.602991,9.868001,-1.416551,-0.654125,-0.754623,0.051049,0.007060,0.005321,0.004257,0.041505,-5.302732,7.478633,-2.224120,-0.531975,-0.783168,-0.061744,0.315958,0.010642,0.002128,0.006385,3.855589,8.979487,0.136719,-0.656481,-0.488992,0.504321,0.274901
0.005454,0.014181,0.030271,0.641276,9.906285,-1.473979,-0.653625,-0.754979,0.052380,0.005394,0.005321,0.009578,0.052147,-5.253903,7.476802,-2.236327,-0.531509,-0.784110,-0.060959,0.314557,0.011707,0.015963,-0.005321,3.903806,8.999019,0.172729,-0.657544,-0.487956,0.504269,0.274297
0.007636,0.001909,0.032180,0.641276,9.915857,-1.435694,-0.654337,-0.754292,0.053490,0.004099,0.004257,0.012771,0.056404,-5.268552,7.465206,-2.244262,-0.530412,-0.784690,-0.061566,0.314843,0.010642,0.011707,0.017028,3.901975,8.939204,0.191040,-0.658650,-0.486784,0.504358,0.273562
0.010363,0.016908,0.027816,0.660419,9.906285,-1.435694,-0.654646,-0.753938,0.054794,0.002364,0.005321,0.010642,0.046826,-5.259397,7.476802,-2.243651,-0.531774,-0.784198,-0.060342,0.314006,0.013835,0.002128,0.015963,3.953855,8.927608,0.151367,-0.658843,-0.486059,0.505632,0.272028
0.004909,0.015817,0.013363,0.650848,9.915857,-1.464407,-0.653776,-0.754745,0.054027,0.003098,0.006385,0.002128,0.023413,-5.218503,7.454219,-2.252196,-0.530732,-0.785114,-0.060375,0.313475,0.013835,-0.003193,0.019156,3.939207,8.937373,0.109863,-0.658036,-0.486499,0.506710,0.271192
0.014726,0.011181,0.013363,0.631705,9.915857,-1.502693,-0.652701,-0.755707,0.053543,0.003577,0.004257,-0.003193,0.003193,-5.281369,7.454830,-2.260131,-0.529896,-0.785043,-0.061550,0.314834,0.009578,-0.005321,0.017028,3.892210,8.923945,0.085449,-0.656945,-0.487577,0.506989,0.271378
0.013635,0.002182,-0.001636,0.660419,9.896714,-1.598405,-0.651524,-0.756712,0.053694,0.003429,0.004257,-0.006385,-0.007450,-5.222165,7.450557,-2.273558,-0.529657,-0.785760,-0.060793,0.313594,0.004257,-0.013835,-0.001064,3.874510,8.906856,0.097656,-0.656142,-0.488714,0.506263,0.272630
0.010908,0.009817,0.004363,0.612563,9.887143,-1.569692,-0.650465,-0.757657,0.053174,0.003956,0.003193,-0.010642,-0.014899,-5.267331,7.435909,-2.285155,-0.528523,-0.785918,-0.062030,0.314864,-0.002128,-0.004257,-0.003193,3.862303,8.903193,0.102539,-0.657077,-0.487939,0.505606,0.272982
0.005181,0.013363,-0.004909,0.641276,9.906285,-1.464407,-0.651510,-0.756766,0.053061,0.003801,-0.001064,-0.014899,-0.011707,-5.291745,7.470699,-2.271117,-0.529415,-0.784970,-0.062069,0.315723,0.000000,-0.002128,-0.012771,3.857420,8.934932,0.126953,-0.656841,-0.488716,0.504378,0.274427
0.000545,0.019362,0.006272,0.631705,9.877572,-1.493121,-0.652590,-0.755856,0.052772,0.003789,-0.002128,-0.015963,-0.002128,-5.270993,7.492671,-2.263793,-0.530305,-0.784942,-0.060776,0.314547,0.000000,-0.008514,-0.015963,3.831175,8.969722,0.089722,-0.655725,-0.489727,0.504778,0.274561
-0.001364,0.019635,-0.002727,0.669990,9.868001,-1.502693,-0.651977,-0.756325,0.053708,0.002438,-0.001064,-0.017028,0.002128,-5.270383,7.479854,-2.248534,-0.530603,-0.784126,-0.061377,0.315961,-0.002128,-0.003193,-0.013835,3.837278,9.000850,0.119629,-0.656276,-0.489580,0.503645,0.275585
0.002454,0.017181,-0.001091,0.612563,9.887143,-1.445265,-0.652858,-0.755625,0.052807,0.003163,-0.004257,-0.017028,0.000000,-5.264279,7.480464,-2.246703,-0.530553,-0.784729,-0.060464,0.314721,0.002128,0.001064,-0.013835,3.856809,8.980098,0.145874,-0.657178,-0.488428,0.504035,0.274764
-0.002182,0.019090,-0.006545,0.564706,9.963714,-1.435694,-0.653590,-0.755069,0.051615,0.004200,-0.003193,-0.019156,-0.007450,-5.270383,7.463985,-2.211913,-0.531104,-0.783806,-0.060892,0.316007,0.007450,0.003193,-0.008514,3.883665,9.013057,0.177002,-0.658183,-0.487510,0.503665,0.274668
0.004091,0.017453,-0.010363,0.583849,9.896714,-1.416551,-0.654530,-0.754307,0.050794,0.004804,-0.001064,-0.017028,-0.013835,-5.269773,7.478023,-2.223510,-0.531667,-0.784008,-0.059727,0.314780,0.006385,0.001064,0.002128,3.837888,9.006343,0.186157,-0.658231,-0.487995,0.502456,0.275900
0.000818,0.007363,-0.011726,0.526421,9.925428,-1.493121,-0.653713,-0.755072,0.049839,0.005821,0.002128,-0.012771,-0.008514,-5.305173,7.484737,-2.249144,-0.530524,-0.784215,-0.060887,0.315966,0.000000,0.001064,0.009578,3.817747,8.987422,0.172729,-0.657222,-0.489153,0.502376,0.276403
-0.002182,0.005181,-0.003272,0.583849,9.925428,-1.445265,-0.654549,-0.754303,0.050596,0.004811,0.001064,-0.007450,0.003193,-5.317990,7.509151,-2.238768,-0.530608,-0.783521,-0.061671,0.317392,0.000000,-0.001064,0.013835,3.780515,9.016719,0.160522,-0.656614,-0.490172,0.501539,0.277560
-0.006818,0.004909,0.001091,0.564706,9.877572,-1.426122,-0.654829,-0.754137,0.049284,0.006247,0.002128,0.000000,0.023413,-5.322873,7.492671,-2.271727,-0.529691,-0.784429,-0.061562,0.316703,0.004257,0.008514,0.006385,3.814695,9.031978,0.152588,-0.656794,-0.489531,0.502725,0.276116
-0.002182,0.007909,0.003545,0.631705,9.906285,-1.473979,-0.654175,-0.754647,0.050305,0.004993,0.004257,0.003193,0.036184,-5.303342,7.500606,-2.255858,-0.530359,-0.784757,-0.060092,0.315049,0.014899,0.010642,-0.002128,3.816526,9.024653,0.169067,-0.657543,-0.489206,0.501761,0.276663
-0.002182,-0.000545,0.010363,0.583849,9.906285,-1.445265,-0.653281,-0.755448,0.049815,0.005646,0.004257,0.004257,0.046826,-5.274045,7.474971,-2.245482,-0.530076,-0.784409,-0.060856,0.316242,0.018092,0.005321,0.002128,3.839720,8.988643,0.176391,-0.658099,-0.488255,0.502722,0.275273
-0.001364,0.007090,0.017181,0.564706,9.915857,-1.560120,-0.652218,-0.756360,0.049927,0.005510,0.006385,0.008514,0.050019,-5.249631,7.464595,-2.258910,-0.529863,-0.785270,-0.059827,0.314657,0.017028,0.005321,0.012771,3.851316,8.977656,0.140381,-0.657355,-0.488700,0.503770,0.274345
0.001091,0.010908,0.018544,0.612563,9.915857,-1.473979,-0.652904,-0.755707,0.050969,0.004133,0.005321,0.008514,0.042569,-5.252683,7.483516,-2.259520,-0.530848,-0.784453,-0.059574,0.315081,0.011707,0.012771,0.023413,3.911131,8.987422,0.072632,-0.656850,-0.488859,0.504925,0.273145
-0.000545,0.004363,0.010090,0.650848,9.896714,-1.416551,-0.653861,-0.754841,0.051582,0.003320,0.005321,0.006385,0.036184,-5.242917,7.483516,-2.262572,-0.530022,-0.785408,-0.059266,0.314151,0.012771,0.006385,0.014899,3.897703,8.982539,0.150757,-0.657915,-0.487844,0.504704,0.272802
0.002454,0.003818,0.018544,0.602991,9.934999,-1.445265,-0.654442,-0.754400,0.050580,0.004425,0.006385,0.008514,0.028734,-5.251462,7.463985,-2.250365,-0.529974,-0.784892,-0.060024,0.315373,0.014899,0.002128,0.000000,3.887327,8.912959,0.171509,-0.658911,-0.486887,0.504476,0.272530
0.004636,0.006818,0.024271,0.622134,9.934999,-1.454836,-0.653765,-0.754912,0.051791,0.003010,0.004257,0.003193,0.020220,-5.258786,7.479244,-2.279052,-0.529101,-0.785821,-0.059839,0.314563,0.013835,-0.006385,0.007450,3.896482,8.906245,0.137329,-0.658160,-0.487221,0.505615,0.271637
0.003272,0.008999,0.025362,0.612563,9.925428,-1.531407,-0.652693,-0.755844,0.051703,0.003099,0.004257,-0.004257,0.020220,-5.242917,7.487789,-2.264403,-0.530383,-0.785129,-0.058957,0.314295,0.004257,-0.008514,0.025542,3.864744,8.912349,0.123901,-0.657274,-0.488326,0.505249,0.272477
-0.006545,0.003000,0.015544,0.650848,9.848858,-1.493121,-0.652004,-0.756368,0.052783,0.001882,0.003193,-0.004257,0.025542,-5.218503,7.473140,-2.266234,-0.529596,-0.786029,-0.058616,0.313436,-0.001064,-0.005321,0.019156,3.878172,8.945918,0.093384,-0.656343,-0.488995,0.506004,0.272122
-0.004909,0.003818,0.000545,0.698704,9.848858,-1.416551,-0.653057,-0.755435,0.053145,0.001338,0.000000,-0.006385,0.021285,-5.225217,7.476802,-2.256469,-0.530356,-0.785151,-0.058720,0.314332,0.001064,-0.002128,-0.005321,3.887937,8.942256,0.092773,-0.656499,-0.488305,0.507168,0.270812
-0.003000,0.022907,0.004636,0.669990,9.896714,-1.435694,-0.654163,-0.754500,0.052824,0.001302,0.000000,-0.010642,0.012771,-5.210568,7.492671,-2.255858,-0.531102,-0.785303,-0.057347,0.312943,0.008514,0.000000,-0.018092,3.869627,8.898921,0.151977,-0.657138,-0.488075,0.506128,0.271621
0.002727,0.016362,0.007090,0.593420,9.944571,-1.426122,-0.654560,-0.754241,0.051541,0.002527,-0.001064,-0.012771,0.004257,-5.204465,7.497554,-2.260741,-0.529996,-0.785552,-0.058387,0.314000,0.007450,0.000000,-0.006385,3.909300,8.919673,0.183716,-0.658066,-0.487327,0.505532,0.271827
0.006272,0.017999,0.018544,0.535992,9.992428,-1.531407,-0.653723,-0.755020,0.050728,0.003286,-0.001064,-0.012771,-0.003193,-5.255124,7.493282,-2.241210,-0.530467,-0.784685,-0.058883,0.315276,0.003193,-0.002128,0.018092,3.873899,8.994136,0.192871,-0.658567,-0.487221,0.504497,0.272725
0.005181,0.001364,0.028362,0.497707,10.011570,-1.483550,-0.653533,-0.755248,0.049649,0.004587,0.000000,-0.012771,-0.007450,-5.273435,7.496334,-2.258300,-0.529249,-0.785044,-0.059937,0.316230,-0.003193,-0.012771,0.031927,3.820799,9.063106,0.141601,-0.657878,-0.488159,0.503922,0.273774
0.004909,0.001364,0.056178,0.535992,10.011570,-1.464407,-0.653831,-0.755038,0.048808,0.005644,-0.003193,-0.008514,0.010642,-5.282590,7.534786,-2.238158,-0.530567,-0.784318,-0.059088,0.315983,-0.009578,-0.026606,0.025542,3.804319,9.136348,0.134888,-0.657138,-0.489043,0.503378,0.274969
0.003818,-0.019362,0.085630,0.507278,10.068997,-1.550549,-0.652847,-0.755875,0.049006,0.005949,-0.006385,-0.004257,0.028734,-5.274655,7.527462,-2.271727,-0.530004,-0.785159,-0.058583,0.314931,-0.018092,-0.021285,0.002128,3.866575,9.111934,0.178223,-0.657696,-0.488691,0.502383,0.276079
0.017726,-0.029725,0.102811,0.708275,10.250853,-1.607977,-0.652055,-0.756433,0.051049,0.004284,-0.019156,0.001064,0.054276,-5.266721,7.687374,-2.229613,-0.531579,-0.784515,-0.057329,0.314110,-0.029799,-0.019156,0.000000,3.900144,9.063106,0.175781,-0.658349,-0.487371,0.503368,0.275059
0.009272,-0.011726,0.083994,0.976272,10.107283,-1.607977,-0.651698,-0.756613,0.053035,0.002354,-0.025542,0.005321,0.101102,-5.377194,7.615963,-2.345580,-0.530833,-0.785071,-0.057490,0.313952,-0.044698,-0.005321,-0.006385,4.057615,9.052119,-0.079956,-0.657885,-0.487346,0.504308,0.274493
-0.021544,-0.014999,-0.024816,0.985843,9.963714,-1.493121,-0.651998,-0.756273,0.054223,0.001140,-0.030863,0.002128,0.131965,-5.307614,7.587886,-2.365721,-0.530343,-0.785822,-0.056936,0.313003,-0.052147,0.012771,-0.011707,4.227903,9.041743,-0.195312,-0.657655,-0.487176,0.505165,0.273771
-0.029452,-0.037361,-0.131445,0.937986,10.049855,-1.177269,-0.653162,-0.755285,0.053969,0.001649,-0.052147,-0.011707,0.137286,-5.111081,7.579341,-2.308959,-0.531557,-0.786000,-0.054846,0.310861,-0.037248,0.006385,-0.104295,4.359739,9.073482,0.027466,-0.657704,-0.486818,0.505717,0.273268
-0.012817,-0.067086,-0.180260,0.813560,9.944571,-1.004985,-0.654263,-0.754380,0.053224,0.003061,-0.078753,-0.034055,0.129836,-5.068967,7.520137,-2.243651,-0.533682,-0.785314,-0.052716,0.309318,0.011707,-0.007450,-0.233067,4.296873,9.108882,0.222778,-0.657786,-0.486856,0.505346,0.273689
0.041179,-0.066813,-0.172351,0.507278,9.724431,-0.909273,-0.654950,-0.753855,0.052059,0.004954,-0.090460,-0.048955,0.120258,-5.039670,7.546382,-2.116088,-0.535900,-0.783891,-0.051489,0.309299,0.039377,-0.014899,-0.129836,3.956297,9.038081,0.041504,-0.656359,-0.488231,0.505814,0.273804
0.095175,-0.099266,-0.169624,0.631705,9.887143,-1.177269,-0.655237,-0.753634,0.051462,0.006668,-0.087267,-0.052147,0.075561,-5.069577,7.675167,-2.058715,-0.537966,-0.782455,-0.050556,0.309502,0.032991,0.025542,-0.089396,3.921507,9.147334,-0.144653,-0.655119,-0.489747,0.505948,0.273816
0.084539,-0.155443,-0.151898,0.612563,9.906285,-1.110270,-0.655570,-0.753328,0.051392,0.008675,-0.094717,-0.076625,0.072368,-4.945065,7.509761,-2.045287,-0.540155,-0.780938,-0.049382,0.309712,0.058533,0.069175,-0.158571,4.056394,9.141231,-0.159912,-0.654053,-0.491448,0.505888,0.273428
0.078267,-0.240255,-0.168806,0.526421,9.915857,-1.119841,-0.655902,-0.752986,0.051580,0.011638,-0.092588,-0.091524,-0.005321,-4.859006,7.446895,-1.956176,-0.542094,-0.779350,-0.048708,0.310429,0.092588,0.048955,-0.128772,3.735960,9.103999,-0.373535,-0.652460,-0.493759,0.505663,0.2734860.083721,-0.300797,-0.203985,0.679562,9.762716,-1.253839,-0.655835,-0.752908,0.052940,0.014111,-0.083010,-0.109616,-0.152185,-4.928586,7.487178,-1.944579,-0.543311,-0.777591,-0.049467,0.312585,0.097909,0.133029,0.011707,3.402098,9.213861,-0.877685,-0.651600,-0.495728,0.505461,0.272345
0.061359,-0.342248,-0.308978,1.024128,9.485149,-1.512264,-0.654749,-0.753704,0.054106,0.017271,-0.070239,-0.120258,-0.212846,-5.137326,7.665401,-2.114257,-0.542076,-0.777543,-0.051163,0.314572,0.112809,0.361839,0.292664,3.025511,9.217524,-1.117553,-0.652552,-0.497083,0.505045,0.268339
0.024816,-0.321522,-0.455149,0.918844,9.198010,-1.722832,-0.653521,-0.754685,0.053725,0.021606,-0.068111,-0.121322,-0.189433,-5.316159,7.731319,-2.271727,-0.540894,-0.777515,-0.052664,0.316421,0.243709,0.590649,0.348004,2.955321,9.431757,-0.729370,-0.654179,-0.499726,0.503356,0.262582
0.023180,-0.257436,-0.484874,0.631705,9.188439,-1.665405,-0.652207,-0.755772,0.052521,0.025846,-0.092588,-0.114937,-0.038312,-5.498044,7.739254,-2.260741,-0.540301,-0.777271,-0.053479,0.317894,0.441656,0.606613,0.195819,3.269651,9.755854,-0.150146,-0.654864,-0.504300,0.500625,0.257294
0.069268,-0.110992,-0.398971,0.114855,9.485149,-1.588834,-0.650594,-0.757205,0.049546,0.030089,-0.107487,-0.023413,0.159635,-5.667111,7.906490,-2.072753,-0.541262,-0.776302,-0.053597,0.318607,0.583199,0.632154,0.125579,3.441771,10.352777,0.003052,-0.655030,-0.509957,0.497506,0.251710
0.108810,0.104992,-0.270799,-0.382852,9.724431,-1.674976,-0.649221,-0.758531,0.045676,0.032375,-0.027670,0.104295,0.284150,-5.076901,7.585445,-1.768798,-0.543490,-0.775825,-0.051552,0.316305,0.788596,0.555529,0.194755,3.353270,10.484613,0.085449,-0.654049,-0.516228,0.495664,0.245023
0.130900,0.236165,-0.155716,-0.928415,10.126426,-2.163112,-0.647542,-0.760163,0.041991,0.032729,0.056404,0.006385,-0.253287,-5.072629,7.526851,-2.083739,-0.541298,-0.776918,-0.053407,0.317072,0.909919,0.351197,0.297985,3.078612,10.212397,-0.210571,-0.651344,-0.522463,0.496072,0.238091
0.091084,0.288797,-0.043361,-0.947558,10.250853,-2.536392,-0.646035,-0.761644,0.039022,0.031723,0.079817,0.154314,0.063854,-5.280759,7.553096,-1.915282,-0.541022,-0.777137,-0.054253,0.316862,0.988672,0.193690,0.334169,2.485960,10.121454,-0.156250,-0.647600,-0.528475,0.497788,0.231358
-0.008727,0.287161,-0.013090,-0.861416,10.183853,-2.593820,-0.645246,-0.762496,0.036341,0.030483,0.117066,0.266058,0.030863,-4.407346,7.180171,-1.943358,-0.540503,-0.778994,-0.053909,0.313227,0.940781,0.171341,0.363967,1.135253,10.288080,-0.322876,-0.643909,-0.533980,0.499720,0.224761
-0.145626,0.283343,0.015272,-0.966700,10.107283,-2.402394,-0.645616,-0.762349,0.033684,0.029345,0.124515,0.085139,-0.564043,-4.896848,7.315059,-2.198485,-0.536851,-0.780515,-0.058265,0.314936,0.998250,0.167084,0.143671,0.435180,9.454950,0.018921,-0.639495,-0.540731,0.500560,0.219290
-0.227166,0.313068,0.125173,-0.880559,9.858429,-1.981257,-0.646903,-0.761421,0.031415,0.027569,0.131965,0.037248,-0.783275,-5.715939,7.467647,-2.136840,-0.532618,-0.780663,-0.065386,0.320310,1.042948,0.098974,0.050019,1.658935,10.146479,0.279541,-0.634531,-0.547735,0.501343,0.214485
-0.226620,0.416152,0.269981,-0.909273,9.887143,-1.674976,-0.648667,-0.760111,0.029428,0.024240,0.164956,0.051083,-0.660888,-6.060788,7.615352,-2.139891,-0.528755,-0.780831,-0.071410,0.324980,1.088710,0.172406,0.094717,2.849730,9.692377,0.144043,-0.630065,-0.554527,0.502012,0.208549
-0.182441,0.508873,0.461694,-0.928415,9.992428,-1.751546,-0.649998,-0.759166,0.028329,0.018913,0.204333,0.163892,-0.163892,-6.773678,7.770381,-2.165526,-0.526161,-0.781857,-0.073968,0.326151,1.036562,0.092588,0.736449,2.922972,9.753412,-1.045532,-0.625997,-0.558262,0.506573,0.199616
-0.148080,0.515963,0.617410,-1.167697,10.107283,-2.076970,-0.650795,-0.758613,0.028489,0.012370,0.254352,0.406537,0.690687,-6.627804,7.713008,-2.300414,-0.525603,-0.784651,-0.071021,0.320955,1.087646,0.658760,0.472519,3.046263,9.891962,-1.113281,-0.624026,-0.564574,0.506121,0.188892
-0.173442,0.526326,0.731129,-1.129412,10.097712,-2.105684,-0.651751,-0.757839,0.029453,0.005006,0.268187,0.536373,1.436714,-6.168820,7.790523,-2.205199,-0.527871,-0.787998,-0.062424,0.310654,1.025920,0.761990,0.792853,2.755736,8.478389,-0.765380,-0.623777,-0.568637,0.506619,0.175734
-0.236438,0.536689,0.790034,-0.976272,10.298709,-2.163112,-0.653108,-0.756627,0.030826,-0.002832,0.293728,0.685366,2.125272,-5.939328,7.957759,-2.543944,-0.530886,-0.792681,-0.049583,0.295551,1.052526,0.758798,1.004635,3.175657,9.234613,-1.669921,-0.622799,-0.572319,0.508496,0.161229
-0.322068,0.527962,0.818941,-0.507278,10.078569,-2.000400,-0.655011,-0.754836,0.032529,-0.010821,0.412922,0.976965,2.358339,-5.540158,8.201289,-2.566527,-0.533853,-0.798162,-0.035810,0.276853,1.003571,0.915240,1.081260,2.881468,8.455806,-1.094360,-0.623486,-0.574933,0.509439,0.145535
-0.350157,0.487874,0.919843,-0.382852,9.896714,-1.713261,-0.657275,-0.752588,0.035111,-0.018997,0.472519,1.046140,2.542451,-4.904782,8.474727,-2.671507,-0.537515,-0.803334,-0.019809,0.255599,0.935460,0.939717,1.106802,2.893675,7.808223,-1.394652,-0.624228,-0.577164,0.510222,0.129944
-0.387518,0.524690,0.994565,0.047856,9.858429,-1.617548,-0.659666,-0.750066,0.038073,-0.027989,0.504446,0.813074,2.594599,-4.674680,8.838496,-2.930907,-0.539906,-0.807794,-0.002919,0.236546,0.883313,1.083389,1.147242,3.687742,7.211910,-1.079101,-0.626812,-0.577991,0.510170,0.112923
-0.414516,0.576777,1.025654,0.363709,10.202995,-1.636691,-0.662064,-0.747368,0.041038,-0.037676,0.632154,0.884377,2.728692,-4.260862,9.312128,-3.114622,-0.541607,-0.812331,0.015266,0.215729,0.806688,1.201518,1.396273,4.092405,6.824337,-0.916748,-0.630781,-0.576534,0.510889,0.093320
-0.364610,0.673043,1.131464,0.631705,9.896714,-1.560120,-0.663868,-0.744926,0.044282,-0.048944,0.715164,0.882249,2.812766,-4.545286,9.658197,-3.386839,-0.541548,-0.817114,0.033774,0.194682,0.669402,1.158949,1.561229,4.351194,6.988522,-0.727539,-0.635183,-0.573208,0.512381,0.073704
-0.349884,0.811851,1.280090,0.870987,9.982856,-1.847259,-0.665206,-0.742472,0.048065,-0.062594,0.841808,1.168527,2.649939,-3.696897,9.934076,-3.701170,-0.539712,-0.822592,0.049600,0.172003,0.448042,0.732192,1.411172,5.842282,7.428585,-1.110229,-0.638324,-0.568283,0.516015,0.057595
-0.391608,0.979839,1.335450,1.454836,10.327422,-1.186840,-0.667358,-0.739000,0.050510,-0.077154,0.852450,1.135536,2.968144,-3.095701,9.968256,-3.734739,-0.538279,-0.826908,0.068357,0.147640,0.342683,0.223489,1.402658,7.390132,8.784785,-1.589355,-0.639150,-0.562225,0.522865,0.044659
-0.412607,1.019927,1.306815,1.895115,9.858429,-0.622134,-0.670814,-0.733731,0.053783,-0.093520,0.862028,0.909919,3.026677,-2.128905,9.465326,-3.752439,-0.536290,-0.830039,0.088791,0.124639,0.296921,0.118130,1.432457,7.225948,8.012080,-0.999145,-0.639673,-0.555675,0.530060,0.032733
-0.418061,0.997565,1.314996,2.612962,9.724431,-0.593420,-0.673466,-0.728553,0.058203,-0.110713,0.871606,0.943974,3.094788,-0.954589,9.315790,-3.890379,-0.534469,-0.832047,0.111248,0.098269,0.362903,0.134093,1.442035,7.021481,6.644894,-1.154784,-0.639495,-0.549246,0.537566,0.019718
-0.403062,1.039562,1.381264,3.436093,10.241281,-0.545564,-0.675426,-0.723359,0.062966,-0.128752,0.823716,0.584264,2.983043,0.254516,8.980098,-4.059446,-0.531115,-0.833154,0.134763,0.074841,0.322462,0.262865,1.576128,7.523799,6.904293,-1.781615,-0.639550,-0.541819,0.545321,0.004951
-0.424333,1.184642,1.403354,3.646662,9.753145,0.306281,-0.677952,-0.717093,0.066347,-0.147472,0.833294,0.617255,2.658453,1.583861,8.211665,-4.202878,-0.526629,-0.834127,0.155250,0.052756,0.312884,0.158571,1.485669,7.685543,5.964352,-1.657714,-0.638859,-0.534667,0.553089,-0.008626
-0.496601,1.166371,1.334631,3.972085,9.284152,0.114855,-0.680499,-0.710321,0.069788,-0.165787,0.787532,0.491675,2.483918,2.477416,8.018794,-3.971555,-0.522125,-0.834129,0.174754,0.032669,0.346940,0.201140,1.403723,7.843624,5.479123,-1.777343,-0.637876,-0.528119,0.560095,-0.022120
-0.551415,1.063833,1.255001,4.278367,9.111869,-0.086142,-0.682760,-0.703529,0.073723,-0.182869,0.786468,0.167084,2.368981,3.127439,8.166499,-4.663083,-0.516289,-0.833793,0.194874,0.015828,0.382059,0.180920,1.442035,8.255610,5.399167,-2.141722,-0.636093,-0.521644,0.567430,-0.035889
-0.583867,1.021290,1.156008,4.766503,9.379865,-0.124427,-0.684890,-0.696715,0.077350,-0.198801,0.801367,0.196883,1.949674,3.183592,8.349605,-4.998166,-0.509864,-0.833918,0.211212,0.000880,0.311820,0.163892,1.402658,9.208368,5.664059,-2.510985,-0.634284,-0.514914,0.574591,-0.048839
-0.662952,1.131464,1.028653,5.359923,9.332008,0.239282,-0.687894,-0.688803,0.079475,-0.214539,0.749220,0.073432,1.605927,2.941283,8.286128,-4.873044,-0.503542,-0.834024,0.225199,-0.011214,0.293728,0.129836,1.283464,8.918452,5.573727,-2.445677,-0.632163,-0.508751,0.581254,-0.060642
-0.755128,1.112647,0.943023,4.737789,8.930014,1.148555,-0.692391,-0.679439,0.080604,-0.229024,0.690687,0.020220,1.599541,3.580930,8.186641,-5.059201,-0.497462,-0.833513,0.239297,-0.022713,0.384188,0.085139,1.101480,8.630366,4.884641,-2.265013,-0.629414,-0.504015,0.587079,-0.071663
-0.831486,0.970839,0.939751,4.986642,8.853444,1.129412,-0.696853,-0.669795,0.083146,-0.242586,0.647053,-0.024477,1.561229,4.407957,8.065791,-5.495602,-0.491293,-0.832692,0.253223,-0.033530,0.415051,0.118130,1.252602,8.551631,5.093381,-2.391356,-0.626167,-0.498823,0.593371,-0.083626
-0.868301,0.957749,1.015018,5.848059,8.374879,0.765703,-0.700341,-0.660423,0.086838,-0.256543,0.576814,-0.094717,1.103609,4.387205,7.844234,-5.341184,-0.485713,-0.832394,0.263598,-0.041350,0.504446,0.077689,1.109994,8.258662,4.843137,-2.649535,-0.622009,-0.495505,0.598892,-0.094340
-0.933751,1.105284,0.954204,5.781060,7.695318,0.803988,-0.704240,-0.650175,0.089262,-0.270816,0.522538,0.010642,0.780082,4.024656,7.158809,-5.565793,-0.480204,-0.832940,0.270735,-0.048059,0.595970,0.020220,1.049333,9.327997,4.364622,-2.944334,-0.617168,-0.492567,0.604432,-0.105525
-0.984747,1.302725,0.784853,5.541777,7.398608,1.158126,-0.708970,-0.638837,0.089349,-0.285057,0.478905,-0.029799,1.202583,3.858030,6.518551,-5.867917,-0.474283,-0.832317,0.281386,-0.055837,0.621512,0.069175,1.185555,9.661249,3.848875,-2.810667,-0.612448,-0.488493,0.610160,-0.118228
-1.056197,1.237002,0.790580,5.053641,7.369894,1.167697,-0.713561,-0.627456,0.089980,-0.298371,0.353325,0.083010,1.250473,3.668821,6.374508,-5.115964,-0.469886,-0.830481,0.292059,-0.064815,0.632154,0.194755,1.331355,9.102778,3.281858,-2.397460,-0.608357,-0.483106,0.615556,-0.132636
-1.103648,1.240275,0.731402,5.063213,7.561319,1.607977,-0.718435,-0.615523,0.090390,-0.311134,0.219232,0.015963,0.996122,3.969724,5.860592,-4.815671,-0.466881,-0.828386,0.301026,-0.071929,0.657696,0.180920,1.589963,7.893672,3.780515,-2.533568,-0.602970,-0.477522,0.621913,-0.147026
-1.117829,1.182461,0.692678,5.168497,7.724031,1.847259,-0.723161,-0.603850,0.090716,-0.322748,0.157506,-0.087267,0.915240,4.453123,5.724484,-5.209958,-0.463845,-0.826346,0.309814,-0.077504,0.692815,0.138350,1.444163,8.462520,2.818602,-2.551878,-0.597339,-0.471965,0.627903,-0.161757
-1.148645,1.138827,0.625864,4.441079,7.714460,2.172683,-0.729070,-0.591973,0.088649,-0.331901,0.150057,-0.070239,1.162142,3.812864,5.582272,-5.401608,-0.460086,-0.823888,0.320255,-0.083416,0.727935,0.129836,0.963130,9.034419,1.948241,-2.275389,-0.592614,-0.469061,0.631227,-0.174169
-1.159553,1.039289,0.585776,4.718646,8.116454,2.545963,-0.734808,-0.580315,0.087134,-0.340133,0.097909,-0.167084,1.314327,3.876951,6.127926,-5.539547,-0.456207,-0.820818,0.332126,-0.088416,0.633218,0.031927,0.484226,9.091182,2.901610,-2.406004,-0.588272,-0.468849,0.633072,-0.182561
-1.147281,1.049652,0.595048,5.024928,8.049456,3.034099,-0.740424,-0.568399,0.085351,-0.348427,0.028734,-0.145800,1.000378,4.396970,6.428829,-5.597531,-0.453302,-0.818016,0.341697,-0.092747,0.588521,-0.172406,0.240517,8.459468,2.506712,-2.716063,-0.582779,-0.471025,0.635125,-0.187381
-1.112102,1.121919,0.633500,5.053641,7.570891,3.512664,-0.746137,-0.554430,0.084313,-0.358845,-0.064918,-0.100038,1.203647,4.859006,6.571651,-6.011349,-0.451102,-0.813872,0.352813,-0.098156,0.465070,0.021285,0.726871,9.569696,1.666869,-2.473753,-0.578857,-0.468070,0.638238,-0.196163
-1.099557,1.099557,0.611683,4.910072,6.565906,3.464807,-0.750870,-0.540783,0.084668,-0.369555,-0.207525,-0.010642,1.125958,5.121457,6.055295,-4.857175,-0.452357,-0.808190,0.362539,-0.103728,0.390573,0.178791,0.588521,9.882807,1.990966,-2.414549,-0.576768,-0.465133,0.639683,-0.204417
-1.047198,1.129555,0.516236,5.503492,6.546763,3.512664,-0.754775,-0.528415,0.084465,-0.379406,-0.217103,-0.161763,1.142986,5.268552,4.910886,-4.991452,-0.451815,-0.802827,0.373566,-0.108494,0.395894,-0.094717,0.487418,9.420160,1.931151,-2.724608,-0.572414,-0.463735,0.642605,-0.210576
-1.060560,1.245183,0.420788,5.867201,7.025327,3.905087,-0.758911,-0.515815,0.082762,-0.388755,-0.186241,-0.199011,1.129151,6.082150,5.995480,-5.565182,-0.451286,-0.797363,0.384415,-0.113007,0.311820,0.101102,0.788596,9.287104,2.232054,-2.979735,-0.568715,-0.460172,0.645982,-0.217953
-1.030562,1.340358,0.367883,5.972486,6.853044,4.680361,-0.763382,-0.502007,0.080135,-0.398506,-0.222425,-0.241581,0.931203,5.788571,6.275631,-6.087033,-0.450038,-0.792955,0.394047,-0.115790,0.255416,0.293728,0.982287,9.755854,2.205809,-2.824095,-0.566184,-0.454066,0.649217,-0.227527
-1.037653,1.359993,0.316341,5.398208,6.833901,5.111069,-0.768572,-0.487117,0.076273,-0.407662,-0.261801,-0.274572,0.824780,6.696163,6.696163,-6.096188,-0.450409,-0.788114,0.402622,-0.117879,0.186241,0.206461,0.835422,9.898066,1.038818,-2.808836,-0.563935,-0.448326,0.652225,-0.235745
-1.026744,1.270000,0.248982,5.111069,6.269196,5.225924,-0.773656,-0.472573,0.072768,-0.415724,-0.256480,-0.354389,1.036562,6.573483,7.097774,-6.066281,-0.450875,-0.782422,0.412594,-0.119515,0.120258,0.177727,0.909919,9.580072,0.642700,-2.743529,-0.561509,-0.441766,0.655839,-0.243757
-1.041743,1.232366,0.161443,5.857630,6.680761,5.532206,-0.778075,-0.459376,0.070039,-0.422680,-0.229874,-0.523602,1.052526,6.722408,6.700436,-5.781247,-0.450149,-0.776855,0.423536,-0.120294,0.105359,0.262865,1.044012,9.738153,0.588989,-2.805174,-0.559236,-0.434021,0.659558,-0.252696
-1.121919,1.368175,0.037361,5.608776,6.326623,6.345766,-0.783977,-0.443666,0.065472,-0.429238,-0.175598,-0.593842,0.959938,7.085567,6.246335,-5.884396,-0.448214,-0.771938,0.434299,-0.120797,0.051083,0.243709,0.682173,10.288691,0.125732,-2.942503,-0.557930,-0.428332,0.661878,-0.259143
-1.152190,1.454077,-0.117264,4.967500,6.211768,6.278767,-0.790702,-0.427054,0.059211,-0.434627,-0.194755,-0.574686,0.982287,7.244258,5.798947,-5.433346,-0.446522,-0.766706,0.445022,-0.121358,-0.014899,0.395894,0.585328,10.645746,0.471191,-2.970579,-0.558056,-0.422556,0.663106,-0.265147
-1.130373,1.555525,-0.227438,4.709075,6.183053,6.202196,-0.796599,-0.412184,0.052320,-0.439077,-0.230938,-0.645989,0.926946,7.412715,6.083371,-5.549313,-0.445006,-0.761532,0.455461,-0.120772,-0.037248,0.548080,0.751348,10.195917,1.383056,-2.949827,-0.558948,-0.416576,0.663917,-0.270645
-1.126010,1.703060,-0.233710,3.838088,5.733203,6.518049,-0.803665,-0.394586,0.041706,-0.443482,-0.252223,-0.742834,0.981222,7.172847,7.076412,-5.634762,-0.443628,-0.756223,0.466113,-0.118537,-0.110680,0.585328,0.744963,10.441278,2.289428,-2.040404,-0.562318,-0.410087,0.663102,-0.275524
-1.171280,1.740966,-0.248437,3.034099,5.436493,6.747760,-0.810587,-0.376384,0.030695,-0.447585,-0.407601,-0.808817,1.315391,7.094112,6.806637,-6.239010,-0.442666,-0.748594,0.479653,-0.116527,-0.204333,0.255416,0.630026,9.688715,1.897582,-1.871337,-0.564117,-0.404819,0.663908,-0.277688
-1.176188,1.502892,-0.270799,2.833102,5.034499,7.092326,-0.817151,-0.358777,0.021933,-0.450615,-0.469326,-0.652375,1.569743,5.457760,5.388791,-6.040646,-0.440110,-0.740407,0.494777,-0.115273,-0.244773,0.147928,0.930139,10.331415,1.350707,-1.873778,-0.564673,-0.397167,0.666500,-0.281375
-1.237548,1.252001,-0.265345,2.928815,5.149354,6.900900,-0.823528,-0.341977,0.014952,-0.452351,-0.471455,-0.500189,1.562293,5.331418,5.330197,-6.104733,-0.438369,-0.731874,0.508919,-0.114831,-0.204333,0.393766,1.236638,9.612421,2.345580,-1.864623,-0.565407,-0.387627,0.668982,-0.287256
-1.274090,1.189824,-0.218166,3.091527,4.670790,6.623333,-0.828534,-0.326223,0.012039,-0.454924,-0.488483,-0.282022,1.488861,4.788815,5.004880,-6.192624,-0.437767,-0.723197,0.521517,-0.115578,-0.176663,0.130901,0.735385,8.698726,1.044311,-0.905761,-0.565993,-0.381387,0.670633,-0.290584
-1.297816,1.206459,-0.167988,3.330809,4.804788,6.623333,-0.832984,-0.311279,0.008499,-0.457344,-0.558722,-0.336297,1.783653,4.201658,4.180906,-6.342159,-0.436647,-0.712467,0.536650,-0.117170,-0.078753,0.235195,0.618319,9.290155,1.213378,-1.287231,-0.567212,-0.376618,0.670909,-0.293772
-1.225548,1.257182,-0.116719,3.598805,4.900501,6.996614,-0.836771,-0.296593,0.004442,-0.460238,-0.671531,-0.191562,1.798553,3.859861,4.649655,-6.289669,-0.437264,-0.700824,0.550950,-0.118708,-0.221360,0.012771,-0.080882,11.938470,-1.583251,-0.390014,-0.568678,-0.374889,0.670956,-0.293040
-1.029472,1.373356,-0.049633,3.924229,4.048656,8.164310,-0.839758,-0.281420,-0.000563,-0.464327,-0.636411,-0.272444,1.695322,4.252317,4.508665,-7.047726,-0.436972,-0.689716,0.564829,-0.119616,-0.446978,0.222425,-0.141543,11.865228,-3.767698,-1.248779,-0.571888,-0.371508,0.670807,-0.291436
-0.827941,1.268091,0.046088,4.852644,3.933800,8.231310,-0.841428,-0.268897,-0.005354,-0.468675,-0.568300,0.502318,1.871985,5.097043,4.786984,-8.504024,-0.440112,-0.676690,0.576384,-0.127141,-0.394830,0.361839,0.144736,11.492303,-2.966307,-4.055784,-0.574115,-0.366602,0.671473,-0.291738
-0.592594,1.135828,0.002727,4.785645,4.948357,7.417750,-0.842409,-0.259862,-0.010827,-0.471904,-0.797110,0.663017,1.373924,5.527340,5.686642,-7.893062,-0.446639,-0.665188,0.583686,-0.131684,-0.284150,0.367160,-0.472519,11.587518,0.435180,-4.385374,-0.577979,-0.367563,0.669285,-0.287901
-0.490874,1.354539,-0.084812,4.268795,4.833502,7.408179,-0.843395,-0.250675,-0.018920,-0.474849,-1.026984,0.704522,2.038005,5.338132,4.992063,-8.738399,-0.453569,-0.648415,0.595536,-0.138426,-0.124515,-0.059597,-0.133029,12.071527,2.756956,-2.240599,-0.578982,-0.369082,0.668968,-0.284660
-0.470148,1.756510,0.013363,3.876373,4.431508,8.298309,-0.843645,-0.239379,-0.029880,-0.479644,-1.080196,1.461191,1.802810,6.102902,3.664549,-7.614742,-0.465229,-0.631187,0.602429,-0.149120,-0.216039,0.177727,-0.432078,13.355095,0.830078,-1.469726,-0.583255,-0.369976,0.666057,-0.281586
-0.528235,2.047217,0.143172,2.785246,5.111069,9.743574,-0.843015,-0.226510,-0.043041,-0.485961,-1.235574,1.931582,1.089774,7.958369,3.341673,-6.361691,-0.481483,-0.615872,0.602840,-0.159535,-0.249030,-0.051083,-1.035498,9.137568,-0.285644,-2.466429,-0.585499,-0.375340,0.664248,-0.274002
-0.626955,2.043944,0.193077,1.052842,5.580062,11.284552,-0.842646,-0.210855,-0.058662,-0.491973,-1.489925,2.017785,1.173848,10.957635,4.332273,-5.032346,-0.501441,-0.597316,0.602445,-0.169773,-0.138350,0.370353,-0.880120,10.323481,0.183716,-3.781736,-0.589702,-0.379563,0.660105,-0.269142
-0.714494,1.769873,0.119446,1.004985,4.996214,11.849257,-0.842756,-0.194392,-0.070350,-0.497007,-1.778332,1.982665,1.700643,12.489007,6.991573,-6.360470,-0.522071,-0.574629,0.604466,-0.178482,-0.105359,0.721550,-0.567236,12.426141,1.179199,-4.462888,-0.595327,-0.381218,0.654807,-0.267355
-0.623410,1.643064,0.129263,-0.468993,4.173083,11.686545,-0.842389,-0.179376,-0.081768,-0.501508,-1.579321,2.224246,1.542073,12.398065,7.032467,-3.600462,-0.542790,-0.552565,0.603440,-0.189482,-0.087267,1.208968,-0.640668,10.532831,1.344604,-3.731687,-0.604246,-0.382215,0.646152,-0.266979
-0.634863,1.522800,-0.080994,-1.024128,4.833502,12.078969,-0.842816,-0.165121,-0.093105,-0.503706,-1.140857,1.788975,1.340933,15.229484,6.098019,-2.198485,-0.558179,-0.534088,0.602579,-0.200193,-0.108552,1.255794,-0.292664,11.634515,0.824584,-2.680052,-0.612355,-0.380171,0.638712,-0.269315
-0.827122,1.060560,-0.251709,-1.043271,4.680361,10.700703,-0.844464,-0.152108,-0.100182,-0.503685,-1.152564,0.946103,1.388823,15.200187,6.987301,-3.469236,-0.568319,-0.517036,0.606051,-0.205866,-0.050019,2.495625,0.445913,10.817255,2.039183,-1.632689,-0.626856,-0.371385,0.625154,-0.279820
-0.932388,0.966203,-0.430060,-1.579263,4.996214,10.222138,-0.846943,-0.139088,-0.106200,-0.502051,-0.983351,1.245152,1.261115,12.208245,5.397336,-1.567992,-0.579363,-0.500813,0.606587,-0.213468,-0.172406,1.238766,-0.357582,10.950311,2.530516,-1.132202,-0.636246,-0.370339,0.616284,-0.279687
-0.933206,0.758127,-0.546506,-1.225125,4.316652,9.475577,-0.849983,-0.127255,-0.110530,-0.499109,-1.013149,0.369289,1.965637,12.568962,5.832516,-1.218261,-0.583467,-0.481980,0.615415,-0.220265,-0.190498,1.568679,0.000000,10.646967,3.348387,-0.353393,-0.647127,-0.365871,0.606033,-0.282983
-1.010109,0.570232,-0.592594,-0.373280,4.115655,9.255438,-0.853218,-0.116989,-0.111581,-0.495857,-0.565107,0.838615,1.223867,11.401971,4.689328,-3.127439,-0.588699,-0.470394,0.617160,-0.226424,-0.087267,1.081260,0.031927,9.309076,3.839109,-1.217651,-0.653845,-0.363389,0.599222,-0.285236
-1.115102,0.299433,-0.578958,0.315853,4.996214,8.489735,-0.856694,-0.107254,-0.109437,-0.492531,-0.375674,0.495932,1.471833,10.599970,5.529171,-2.663573,-0.590559,-0.458997,0.621282,-0.233587,0.012771,1.154692,-0.130901,9.872431,2.689818,-0.808105,-0.660772,-0.362209,0.591243,-0.287416
-1.066287,0.093539,-0.516508,0.220140,4.957929,7.580462,-0.859937,-0.098983,-0.105882,-0.489378,-0.280957,-0.039377,0.947167,10.494379,6.298824,-2.576293,-0.589829,-0.452600,0.625824,-0.235778,0.079817,1.061040,-0.323527,9.193110,3.062742,-0.938110,-0.667360,-0.362869,0.582920,-0.288362
-0.997019,-0.037361,-0.422152,0.038285,5.024928,6.585048,-0.862712,-0.091980,-0.101672,-0.486747,-0.116001,-0.520410,1.266437,9.685053,6.502071,-2.070311,-0.584656,-0.446169,0.634109,-0.238764,-0.172406,0.705586,-0.053212,9.285273,3.660276,0.252075,-0.672604,-0.361310,0.577904,-0.288232
-0.890663,0.030543,-0.430878,-0.181855,5.024928,6.738189,-0.865301,-0.085508,-0.098690,-0.483937,0.073432,-0.508703,1.299428,9.265131,7.260738,-1.372680,-0.578695,-0.440367,0.641851,-0.243326,-0.467198,0.508703,0.280957,9.069209,3.451536,0.746460,-0.676982,-0.356270,0.576018,-0.288030
-0.631046,0.098447,-0.317159,-0.421137,3.627519,7.398608,-0.867010,-0.081075,-0.097427,-0.481892,0.246902,-0.179855,1.860278,8.227534,6.073605,-2.065428,-0.572411,-0.431239,0.649717,-0.253452,-0.724742,0.988672,0.361839,9.249262,4.099729,0.443725,-0.684523,-0.347752,0.572063,-0.288500
-0.513236,0.066541,-0.185987,-1.464407,1.942972,7.590034,-0.868245,-0.075387,-0.097506,-0.480573,0.531052,-0.311820,1.526109,6.694332,2.636107,-2.710570,-0.563835,-0.426250,0.656730,-0.262869,-0.382059,0.757733,0.673659,8.905025,2.338866,1.112060,-0.688901,-0.340189,0.569352,-0.292432
-0.507509,0.020998,-0.186259,-2.316252,1.914258,7.953743,-0.869503,-0.069802,-0.097149,-0.479214,0.926946,-0.700265,0.788596,5.798947,0.877685,-1.925658,-0.552181,-0.428672,0.662231,-0.269774,0.339490,1.466512,0.521474,8.839717,1.615600,2.609862,-0.695391,-0.334921,0.558936,-0.303053
-0.409880,-0.060814,-0.056178,-2.555535,2.459822,7.389036,-0.870028,-0.066315,-0.096643,-0.478858,1.317520,-1.780461,0.319270,4.390256,0.494384,-2.653807,-0.532628,-0.439006,0.670501,-0.272032,0.479969,1.463320,0.479969,8.950801,2.738646,3.424681,-0.701358,-0.331232,0.547693,-0.313698
-0.259618,0.080449,0.118628,-1.244268,1.713261,8.145168,-0.869577,-0.062685,-0.097665,-0.479959,1.245152,-0.562979,0.195819,7.717281,0.944824,-1.806640,-0.523911,-0.445532,0.670110,-0.279216,0.483162,1.260051,0.709843,9.340204,1.958007,3.959348,-0.705241,-0.326523,0.538551,-0.325534
-0.261254,0.196077,0.182714,-1.473979,0.669990,9.590433,-0.868878,-0.057728,-0.097604,-0.481853,1.105737,-0.332041,0.240517,9.369501,-0.134888,-1.906127,-0.516347,-0.449663,0.669651,-0.287659,0.327784,0.697072,0.594906,9.589838,-0.191650,2.972410,-0.706163,-0.322038,0.534350,-0.334795
-0.317432,0.176987,0.010636,-1.866402,0.736989,10.049855,-0.869018,-0.052152,-0.097613,-0.482235,0.948231,0.060661,0.032991,11.911614,0.016479,-1.409911,-0.513055,-0.453446,0.666273,-0.295352,0.261801,0.733256,0.376738,9.580072,-0.826416,2.234496,-0.707468,-0.318037,0.530219,-0.342346
-0.389427,0.034634,-0.301615,-2.134398,0.899701,10.183853,-0.870780,-0.046365,-0.096608,-0.479845,0.789660,0.290535,0.167084,12.899162,1.066284,-1.798705,-0.511875,-0.455083,0.662485,-0.303297,0.117066,0.747091,0.280957,9.838251,-0.764770,2.218627,-0.709440,-0.313528,0.526323,-0.348382
-0.386427,-0.114810,-0.521963,-2.249253,1.167697,9.753145,-0.873632,-0.041358,-0.095045,-0.475410,0.824780,0.238388,0.305435,9.550776,0.641479,-2.262572,-0.509728,-0.456063,0.659424,-0.311987,-0.088331,0.771568,-0.150057,9.713739,-0.203857,3.484495,-0.714588,-0.309744,0.520359,-0.350201
-0.328067,-0.257436,-0.584413,-1.655833,1.416551,9.475577,-0.876807,-0.037657,-0.092773,-0.470294,0.866285,-0.043634,0.203268,7.261959,-1.245727,-2.517699,-0.503722,-0.458438,0.658710,-0.319673,-0.189433,0.863092,0.108552,9.995722,1.459960,4.523313,-0.720127,-0.304586,0.514023,-0.352727
-0.208349,-0.272708,-0.432242,-1.588834,0.698704,10.222138,-0.879328,-0.034772,-0.089168,-0.466490,0.790725,0.203268,-0.077689,10.626825,-0.632324,-2.242430,-0.501834,-0.461293,0.654687,-0.326723,-0.267122,0.821587,0.114937,9.474482,1.789550,5.075070,-0.725601,-0.299056,0.508202,-0.354672
-0.156534,-0.336521,-0.157625,-2.277967,-0.028714,9.963714,-0.880540,-0.032849,-0.085758,-0.464981,0.642796,0.484226,0.096845,11.302484,-0.348511,-1.415404,-0.502342,-0.461567,0.650118,-0.334585,-0.243709,0.887570,0.143671,9.918207,1.458129,5.668332,-0.731124,-0.293103,0.501905,-0.357255
-0.152444,-0.432242,-0.093811,-1.483550,-0.181855,10.576276,-0.881554,-0.031589,-0.080566,-0.464074,0.589585,0.483162,0.152185,10.798944,-1.076049,-1.941527,-0.502308,-0.460906,0.646363,-0.342724,-0.118130,0.950360,0.223489,10.399775,1.588134,6.709591,-0.736213,-0.287402,0.494879,-0.361217
-0.197168,-0.417243,0.092721,-1.923829,0.143569,10.088140,-0.881632,-0.029880,-0.076126,-0.464788,0.475712,0.553401,-0.440592,10.498041,-0.592651,-1.380004,-0.505688,-0.463420,0.639518,-0.347175,-0.010642,0.991865,0.289471,10.495600,2.149047,7.639766,-0.740884,-0.282113,0.487237,-0.366189
-0.206712,-0.238892,0.157080,-2.804388,0.306281,9.915857,-0.881185,-0.027630,-0.074118,-0.466099,0.398023,1.085517,0.187305,10.748896,0.560913,-1.025390,-0.511088,-0.460051,0.632693,-0.356136,0.009578,0.860964,0.421436,10.372309,2.126464,7.727046,-0.744289,-0.276812,0.480783,-0.371817
-0.200440,-0.139626,0.233983,-3.072384,-0.076570,11.045269,-0.880307,-0.024893,-0.072755,-0.468121,0.698136,0.643861,-0.017028,12.175286,-0.230713,0.108032,-0.512734,-0.460813,0.626209,-0.364154,-0.013835,0.741770,0.549144,10.764154,1.624145,7.784420,-0.746611,-0.271042,0.475622,-0.377999
-0.209167,-0.164715,0.309796,-3.091527,-0.028714,10.375279,-0.879064,-0.022335,-0.071266,-0.470808,0.505510,1.606991,-0.279893,11.745599,-0.737304,0.214844,-0.522027,-0.458516,0.614235,-0.374109,0.019156,0.786468,0.644925,9.985956,1.411742,8.469844,-0.748581,-0.264792,0.470239,-0.385199
-0.148353,0.029180,0.276798,-3.129812,0.086142,10.327422,-0.877794,-0.019458,-0.071904,-0.473202,0.607677,1.345190,-0.080882,12.156365,-0.313110,0.212402,-0.528434,-0.456421,0.603914,-0.384339,0.002128,0.799239,0.788596,9.746088,1.005248,8.420405,-0.749980,-0.257595,0.465158,-0.393438
-0.159534,0.322340,0.374428,-2.794817,0.287139,10.394422,-0.875822,-0.015192,-0.075077,-0.476508,0.612998,1.659138,-0.186241,11.911614,-0.567627,1.108398,-0.536922,-0.453623,0.591280,-0.395373,-0.003193,0.781147,0.706650,9.835810,1.019897,7.647090,-0.751563,-0.250928,0.459879,-0.400864
-0.136627,0.380427,0.382336,-2.775674,0.277567,11.428121,-0.873740,-0.010748,-0.078699,-0.479855,0.351197,1.504825,-0.004257,11.480096,-1.356200,1.486816,-0.544599,-0.448651,0.581338,-0.405169,-0.026606,0.837551,0.737513,10.149530,0.377197,7.385860,-0.753192,-0.243510,0.454332,-0.408631
-0.128718,0.341975,0.325068,-2.842673,-0.143569,11.906686,-0.871962,-0.006329,-0.081606,-0.482674,0.221360,1.847507,-0.180920,11.880486,-1.780394,1.445922,-0.555237,-0.442344,0.569225,-0.414751,-0.083010,0.898212,0.645989,9.968256,-0.700073,7.475582,-0.755306,-0.235313,0.448555,-0.415849
-0.069813,0.268344,0.275707,-2.813959,-0.411565,11.667403,-0.870470,-0.002689,-0.083943,-0.484995,0.232003,1.803874,-0.226682,12.500603,-1.270751,2.537230,-0.565777,-0.436480,0.556704,-0.423620,-0.151121,1.012085,0.443785,9.868769,-1.182250,7.378536,-0.758697,-0.226785,0.441837,-0.421567
0.001636,0.278435,0.203440,-2.670390,-0.277567,11.188839,-0.869299,0.000436,-0.086729,-0.486609,-0.004257,1.710221,-0.359711,12.510368,-1.112060,2.830809,-0.577207,-0.430241,0.544934,-0.429840,-0.184112,1.032305,0.246902,9.709467,-0.952148,7.463375,-0.763055,-0.218894,0.434439,-0.425543
0.067632,0.193895,0.029452,-2.737389,-0.267996,10.786844,-0.869030,0.002706,-0.089190,-0.486637,-0.176663,1.701708,-0.338426,11.860955,-0.384521,2.509154,-0.589154,-0.422824,0.533765,-0.434975,-0.227746,1.136600,0.081946,9.417719,-0.913696,7.503047,-0.768571,-0.210950,0.425949,-0.428202
0.049087,0.182714,-0.042270,-2.699104,-0.181855,10.796415,-0.869116,0.005150,-0.091441,-0.486046,-0.247966,1.661267,-0.236260,11.504510,-0.343628,2.667235,-0.600519,-0.414419,0.523444,-0.440037,-0.218168,1.185555,-0.098974,9.428095,-0.330200,8.219600,-0.775095,-0.204091,0.416278,-0.429277
-0.035725,0.164170,-0.047997,-2.392823,-0.066999,10.289138,-0.869250,0.008276,-0.092950,-0.485476,-0.207525,1.646368,-0.313949,11.602777,0.069580,2.907713,-0.611905,-0.406690,0.512415,-0.444520,-0.125579,1.250473,-0.096845,8.397212,0.572509,8.516841,-0.781626,-0.198073,0.405488,-0.430579
-0.110719,0.243528,0.042270,-2.641676,0.277567,10.164711,-0.868779,0.012085,-0.095538,-0.485737,-0.166020,1.795360,-0.191562,11.295770,0.460815,2.702025,-0.623256,-0.397914,0.500463,-0.450271,0.006385,1.317520,0.111744,7.857662,0.766601,8.994136,-0.787104,-0.191913,0.393926,-0.434109
-0.167715,0.193077,0.185714,-2.555535,0.468993,9.485149,-0.867588,0.015687,-0.097819,-0.487306,-0.042569,1.830480,-0.264994,10.838006,1.130981,2.189940,-0.634622,-0.391537,0.486902,-0.454830,0.164956,0.988672,-0.221360,7.462154,1.578979,8.992915,-0.792311,-0.190075,0.383507,-0.434775
-0.178351,0.127900,0.428424,-2.163112,0.545564,9.638289,-0.865267,0.018939,-0.099397,-0.490985,0.091524,1.728313,-0.180920,10.823359,1.566161,2.250365,-0.643911,-0.386450,0.474030,-0.459699,0.337362,1.281336,0.230938,7.285762,2.168578,9.252314,-0.796202,-0.186721,0.370804,-0.440106
-0.195259,0.165806,0.687496,-1.933401,0.411565,9.934999,-0.861813,0.022492,-0.099032,-0.496947,0.210718,1.716607,0.043634,9.926752,1.801757,2.221678,-0.651297,-0.381086,0.461558,-0.466413,0.547015,1.171720,0.285214,7.042233,1.942748,9.265741,-0.798879,-0.185256,0.358050,-0.446390
-0.188168,0.257981,0.951750,-1.751546,0.325424,10.174282,-0.856942,0.025117,-0.098684,-0.505246,0.378867,1.717671,0.201140,10.411982,1.296386,2.525633,-0.656609,-0.375919,0.449414,-0.474941,0.796046,1.188748,0.572557,7.111202,2.204589,9.255976,-0.799667,-0.184843,0.344500,-0.455716
-0.104720,0.406880,1.288817,-1.636691,0.535992,10.097712,-0.850079,0.026027,-0.100165,-0.516378,0.637475,2.243402,0.157506,10.462641,0.955200,2.401732,-0.662794,-0.369612,0.432908,-0.486491,1.086581,0.991865,0.642796,6.746822,1.903685,9.534296,-0.798690,-0.187186,0.331194,-0.466216
0.020726,0.571595,1.593976,-1.359123,1.014557,9.925428,-0.841191,0.025418,-0.104691,-0.529890,0.747091,2.107180,0.353325,9.945673,1.361083,2.673338,-0.666935,-0.363951,0.416942,-0.498888,1.383502,0.913111,0.742834,6.552120,1.417235,9.537958,-0.796161,-0.191670,0.317194,-0.478298
0.115083,0.652862,1.901045,-1.292124,1.531407,9.801002,-0.830254,0.023955,-0.110956,-0.545697,0.865221,2.228503,0.540630,9.150996,1.530761,2.853392,-0.670004,-0.357643,0.399821,-0.513148,1.641046,0.956745,0.753477,6.099850,0.766601,8.751216,-0.792880,-0.197568,0.301534,-0.491301
0.180805,0.602684,2.157936,-1.531407,1.952543,9.600004,-0.817526,0.021376,-0.117717,-0.563319,0.980158,2.239145,0.541694,8.906245,1.365356,3.460691,-0.672357,-0.351897,0.381712,-0.527628,1.829415,0.936525,0.668338,5.402829,0.000610,7.784420,-0.789074,-0.204435,0.285164,-0.504223
0.217348,0.395699,2.417281,-1.004985,2.105684,8.508878,-0.803140,0.016994,-0.122633,-0.582778,0.963130,2.149750,0.776890,8.405147,1.691894,4.006345,-0.673191,-0.345488,0.364173,-0.542974,1.931582,0.942910,0.569364,4.407957,-0.487060,6.370235,-0.784940,-0.211655,0.268631,-0.516624
0.260163,0.319068,2.558816,-0.966700,2.057827,7.073184,-0.787454,0.011662,-0.127414,-0.602941,0.949295,2.048647,0.948231,7.679439,1.836547,4.500730,-0.672677,-0.338415,0.347171,-0.558968,1.958188,0.949295,0.568300,4.265745,-0.950317,5.443722,-0.779991,-0.218868,0.252988,-0.528867
0.326158,0.465785,2.578997,-0.354138,2.019542,6.833901,-0.770970,0.006662,-0.132971,-0.622793,0.933332,1.931582,1.059976,7.547603,2.467040,4.497068,-0.670616,-0.331540,0.331438,-0.574888,1.812388,0.947167,0.247966,6.005856,-1.564940,4.775388,-0.776377,-0.226826,0.238256,-0.537601
0.154898,0.265617,2.395737,-0.497707,2.297110,6.020342,-0.755296,0.001967,-0.136331,-0.641038,0.962066,1.924132,1.384566,6.749264,2.817381,4.539793,-0.666201,-0.323558,0.316319,-0.592808,1.548458,1.207904,0.542759,5.639035,-1.695556,4.296262,-0.772109,-0.230512,0.223504,-0.548406
-0.012545,0.008999,2.213841,-0.411565,1.847259,5.379066,-0.740726,-0.002879,-0.136328,-0.657817,0.984415,1.980536,1.744277,6.221920,1.472167,5.531613,-0.659455,-0.312967,0.301219,-0.613538,1.311134,1.475026,1.049333,4.485471,-0.170288,2.593382,-0.765891,-0.230686,0.208919,-0.562618
-0.198258,-0.169079,2.093304,0.133998,0.765703,6.307480,-0.727114,-0.006205,-0.131941,-0.673684,0.863092,1.713414,1.462255,6.997066,0.427246,5.357663,-0.652395,-0.304907,0.289870,-0.630381,1.156821,1.482476,1.038691,3.661497,0.507812,1.436767,-0.759846,-0.230101,0.194682,-0.576002
-0.434969,-0.358611,1.935679,-1.205983,1.665405,5.857630,-0.714179,-0.009211,-0.127781,-0.688133,0.758798,1.665524,1.153628,6.583248,0.679321,5.731198,-0.648187,-0.296789,0.276106,-0.644614,0.891827,1.553779,0.829037,4.910886,0.055542,5.220334,-0.755360,-0.226347,0.181411,-0.587605
-0.598321,0.148353,1.692969,-1.359123,2.134398,6.805188,-0.702044,-0.007203,-0.126130,-0.700832,0.721550,1.643175,1.195133,5.512082,1.350097,6.355587,-0.643434,-0.287557,0.262647,-0.659023,0.863092,1.814516,0.783275,6.365353,2.371825,8.946528,-0.751931,-0.222501,0.163950,-0.598502
-0.774217,0.110992,1.523072,-1.588834,2.871387,7.408179,-0.690956,-0.003988,-0.122972,-0.712344,0.688558,1.764497,1.454806,5.960690,1.472777,7.274776,-0.637004,-0.276542,0.249195,-0.675014,1.205775,1.309006,0.308627,7.487789,4.968259,8.801875,-0.749392,-0.224974,0.147190,-0.605082
-0.774763,0.098993,1.515982,-1.253839,3.196811,7.982456,-0.679734,-0.001256,-0.119364,-0.723674,0.652375,1.843251,1.587835,5.443112,1.898803,7.622676,-0.629602,-0.264339,0.235869,-0.691436,1.347318,1.057847,0.301178,4.601438,6.246945,7.091671,-0.745898,-0.229472,0.130874,-0.611427
-0.634318,0.179442,1.723513,-1.339981,4.058227,8.336594,-0.666713,0.000914,-0.117342,-0.736013,0.552337,1.778332,1.894334,6.018673,2.006224,6.984249,-0.619505,-0.251699,0.224893,-0.708714,1.359025,1.083389,0.793917,1.585082,4.961545,7.296138,-0.739317,-0.232502,0.114621,-0.621455
-0.498782,0.145899,1.987766,-1.177269,4.785645,8.193025,-0.651544,0.001579,-0.116011,-0.749681,0.469326,1.810259,1.913490,4.732053,2.332152,6.784054,-0.609212,-0.238190,0.213431,-0.725648,1.251537,1.420750,1.724056,2.902830,3.427732,9.003901,-0.727527,-0.230835,0.098430,-0.638531
-0.430060,-0.025089,2.103122,-1.847259,5.149354,8.020741,-0.635440,0.000694,-0.114272,-0.763642,0.500189,2.226374,2.016720,4.434812,2.512206,7.224117,-0.598438,-0.221383,0.199241,-0.743745,0.973773,1.516531,2.457313,3.056639,2.163085,8.906856,-0.711177,-0.224629,0.085383,-0.660659
-0.377700,-0.003000,2.310652,-1.751546,4.785645,8.365308,-0.617419,-0.000601,-0.113012,-0.778468,0.494868,2.494561,2.301935,4.248044,2.062987,8.093257,-0.585452,-0.201447,0.184180,-0.763371,0.750284,1.489925,2.913868,4.224851,2.409056,8.619990,-0.690786,-0.217854,0.076250,-0.685224
-0.400062,0.051814,2.496366,-1.550549,4.402794,8.240881,-0.597538,-0.001573,-0.111829,-0.793998,0.478905,2.510524,2.438156,3.005369,2.946776,8.147578,-0.570742,-0.180810,0.168925,-0.782954,0.647053,1.395209,2.732949,4.758298,2.690428,8.651118,-0.671058,-0.211179,0.068118,-0.707416
-0.427060,0.191714,2.622084,-1.282553,3.407379,7.695318,-0.576113,-0.001422,-0.111186,-0.809766,0.509767,2.440285,2.645682,2.556151,2.122191,7.598262,-0.553398,-0.160288,0.154069,-0.802691,0.684301,1.127022,2.342376,3.886106,2.279662,7.987056,-0.653274,-0.206600,0.060566,-0.725861
-0.467694,0.164443,2.769892,-1.129412,2.823531,6.384051,-0.553109,-0.001310,-0.110025,-0.825806,0.516153,2.444542,2.798931,2.871092,2.026366,7.122798,-0.533940,-0.139757,0.139461,-0.822143,0.585328,0.761990,2.524359,4.212644,0.612182,6.737057,-0.633547,-0.203620,0.057318,-0.744220
-0.526326,0.180260,2.876793,-0.507278,2.239682,5.063213,-0.528735,-0.001322,-0.108105,-0.841868,0.738577,2.390266,2.876620,2.849119,2.121581,6.841427,-0.512581,-0.121058,0.122948,-0.841119,0.351197,0.963130,2.226374,3.121947,-0.222778,5.634152,-0.616277,-0.197024,0.055047,-0.760490
-0.621228,0.311978,2.901337,0.382852,1.062413,5.206782,-0.503635,-0.000316,-0.103551,-0.857683,0.505510,2.462634,3.099045,3.137205,1.127929,6.823727,-0.488821,-0.100645,0.108590,-0.859723,0.118130,1.005700,2.851079,3.745725,-3.586424,3.941038,-0.594303,-0.188024,0.055453,-0.779979
-0.679588,0.413698,2.728713,-1.674976,0.870987,6.307480,-0.479759,0.005747,-0.100263,-0.871629,0.503382,2.640361,2.646746,3.649900,0.297851,7.072140,-0.468225,-0.079430,0.093874,-0.875006,0.108552,1.550587,1.721928,7.152095,-4.272459,8.518062,-0.581019,-0.175452,0.050570,-0.793138
-0.625319,0.704677,2.579542,-2.201397,1.607977,8.441878,-0.456441,0.013916,-0.099434,-0.884066,0.456556,3.044769,2.578635,4.050291,0.397949,9.239496,-0.447939,-0.054427,0.077402,-0.889038,0.202204,1.762369,2.986236,4.937131,-3.817137,16.779165,-0.557363,-0.159665,0.045301,-0.813507
-0.523599,0.741765,2.605449,-1.808974,0.669990,8.958728,-0.432619,0.022134,-0.097838,-0.895974,0.562979,3.223560,2.917061,3.154905,1.044921,11.774896,-0.423957,-0.026791,0.059017,-0.903356,0.249030,0.209654,0.774761,5.140378,0.261230,7.423091,-0.550313,-0.159693,0.044075,-0.818354
-0.286888,1.133373,2.753802,-2.210968,-0.143569,8.623733,-0.406782,0.032583,-0.099815,-0.907467,0.761990,3.246973,3.137357,2.677611,2.238768,13.678581,-0.397074,0.000320,0.038447,-0.916977,-0.079817,0.200076,1.203647,3.045042,2.814940,3.309324,-0.540407,-0.158410,0.045130,-0.825119
-0.251164,0.995929,2.824979,-3.732803,-0.114855,8.595019,-0.380067,0.041777,-0.102230,-0.918338,0.621512,2.445606,4.494254,-0.668945,-1.165160,16.656485,-0.356257,0.023796,0.022173,-0.933817,-0.429950,1.583578,3.548151,2.080687,0.565185,6.181027,-0.511817,-0.141458,0.047658,-0.846022
-0.263981,1.252274,2.595086,-3.713661,-0.057428,10.978271,-0.354893,0.053471,-0.104921,-0.927456,0.288407,0.436335,4.172855,1.422729,-7.161251,14.683829,-0.317206,0.027901,0.018906,-0.947753,-0.282022,1.647432,3.759933,1.416015,-0.700683,12.150872,-0.480793,-0.122265,0.047013,-0.866990
-0.478875,0.749401,2.401737,-2.823531,-0.133998,11.734403,-0.331696,0.060887,-0.102902,-0.935774,0.332041,-0.310756,3.615197,2.749022,-3.338621,12.041009,-0.283032,0.023931,0.016774,-0.958661,-0.048955,1.315391,2.688251,1.132202,-3.182371,13.826286,-0.457511,-0.108362,0.044954,-0.881427
-0.624773,0.461149,2.439370,-2.038685,0.153141,11.447264,-0.308121,0.065303,-0.098158,-0.944009,0.705586,-0.519345,3.003264,0.722656,0.157471,10.323481,-0.254495,0.016923,0.010646,-0.966863,0.135158,0.897148,1.941160,1.021118,0.007324,11.314080,-0.440133,-0.099678,0.041593,-0.891409
-0.610047,0.288525,2.513274,-2.364109,0.258425,10.470992,-0.283847,0.068553,-0.093277,-0.951852,1.262180,-0.831165,0.493804,0.003662,1.043090,10.936273,-0.250067,0.005489,-0.000002,-0.968209,0.156442,0.708779,2.274265,0.995483,0.361328,9.489740,-0.419450,-0.092775,0.039088,-0.902175
-0.601048,0.143990,2.508638,-2.469393,0.736989,9.839287,-0.259550,0.070972,-0.088638,-0.959026,1.489925,-0.964195,-1.221739,-1.505126,2.893675,10.672602,-0.262022,-0.007343,-0.012987,-0.964943,0.220296,1.013149,2.417936,1.212157,-0.462646,9.170527,-0.397218,-0.083299,0.035219,-0.913253
-0.606229,-0.057541,2.418644,-2.096113,1.052842,9.092726,-0.236074,0.071767,-0.083985,-0.965431,1.479283,-0.648118,-0.416115,0.090942,3.234251,11.843865,-0.265961,-0.017632,-0.026425,-0.963456,0.251159,1.420750,2.500946,1.412963,-1.082763,9.228510,-0.374028,-0.070195,0.029767,-0.924274
-0.585776,-0.078540,2.324288,-1.617548,0.717847,8.776874,-0.213419,0.070970,-0.077894,-0.971257,1.420750,-0.494868,2.005014,0.115967,2.649535,11.456903,-0.246371,-0.026816,-0.039035,-0.968014,0.125579,1.567614,2.359403,1.358031,-1.796264,9.083858,-0.351975,-0.055236,0.025060,-0.934038
-0.535598,0.021271,2.224204,-1.464407,0.239282,8.346166,-0.191557,0.071022,-0.072373,-0.976225,1.444163,-0.503382,3.142678,-0.867309,1.694945,10.485834,-0.215578,-0.036063,-0.051256,-0.974470,0.070239,1.727249,1.961380,1.672973,-1.677855,8.892817,-0.333459,-0.038891,0.020098,-0.941744
-0.532598,0.012545,2.126575,-1.215554,0.019143,7.714460,-0.170538,0.070798,-0.066727,-0.980532,1.472898,-0.666209,3.253358,-0.473022,1.465453,9.281610,-0.183552,-0.046992,-0.063175,-0.979848,0.208590,1.774075,1.728313,2.274779,-0.335693,8.271480,-0.316904,-0.023141,0.013221,-0.948079
-0.566141,-0.101175,2.052398,-1.110270,0.248854,7.159325,-0.150207,0.069488,-0.060468,-0.984350,1.430328,-0.817330,2.973465,0.286865,1.257934,8.125606,-0.154178,-0.059315,-0.074297,-0.983455,0.341619,1.722992,1.876242,2.098998,0.344238,8.192134,-0.298708,-0.008390,0.005031,-0.954291
-0.547870,-0.173442,2.019946,-0.957129,0.717847,6.814759,-0.129891,0.065416,-0.056530,-0.987747,1.370731,-0.815202,2.126336,1.719970,0.670776,7.450557,-0.132963,-0.071436,-0.084838,-0.984892,0.361839,1.814516,2.290228,1.622313,0.932006,8.551631,-0.276327,0.007239,-0.003828,-0.961025
-0.493328,-0.195804,1.981767,-0.497707,1.091127,7.226325,-0.109926,0.061236,-0.053627,-0.990597,1.314327,-0.661953,1.637854,2.192382,0.751953,7.731929,-0.116205,-0.082644,-0.094493,-0.985256,0.385252,1.766626,2.583956,1.122436,0.128174,8.284297,-0.251337,0.021084,-0.012196,-0.967589
-0.389972,-0.136627,1.907045,-0.679562,1.158126,7.771888,-0.090692,0.057818,-0.052129,-0.992827,1.216418,-0.235195,1.809195,1.311034,1.561278,7.921138,-0.097540,-0.088119,-0.104591,-0.985786,0.392702,1.709157,2.720178,1.343383,-1.046752,8.856196,-0.224341,0.035706,-0.020228,-0.973642
-0.269163,-0.089721,1.807779,-0.823131,0.315853,7.982456,-0.072709,0.055640,-0.048521,-0.994613,0.933332,-0.241581,2.647810,-0.189819,2.045287,8.244624,-0.070913,-0.093446,-0.111299,-0.986835,0.388445,1.615505,2.578635,0.701294,-2.362059,9.411005,-0.198586,0.049717,-0.027540,-0.978430
-0.178078,0.022362,1.670607,-0.870987,-0.354138,8.394022,-0.056086,0.055100,-0.045706,-0.995852,0.663017,-0.332041,3.212918,-0.487671,1.821288,8.512568,-0.039060,-0.099813,-0.114506,-0.987620,0.435271,1.398401,2.064611,0.347900,-3.300169,9.862055,-0.177854,0.061735,-0.034387,-0.981512
-0.096811,0.120537,1.553616,-0.602991,-0.756132,8.729017,-0.040592,0.055235,-0.043719,-0.996685,0.477840,-0.441656,3.088403,0.519409,0.689086,8.653560,-0.008665,-0.107267,-0.115283,-0.987482,0.358646,1.339869,1.697451,0.202637,-3.732298,10.368036,-0.160644,0.073411,-0.040046,-0.983460
-0.053178,0.051814,1.400899,-0.602991,-1.014557,8.872586,-0.026668,0.054786,-0.042030,-0.997252,0.454427,-0.445913,2.274265,1.901244,-0.565185,8.812251,0.013774,-0.114296,-0.116148,-0.986534,0.236260,1.234509,1.354768,0.609131,-2.775877,10.341181,-0.146682,0.084091,-0.044198,-0.984608
-0.027543,-0.124900,1.191460,-0.583849,-1.215554,8.958728,-0.014915,0.052681,-0.040420,-0.997677,0.540630,-0.582135,1.438842,2.991942,-1.240234,9.239496,0.027972,-0.121937,-0.118687,-0.985015,0.267122,1.074875,1.096159,0.300293,-2.403563,10.698236,-0.135315,0.093234,-0.048262,-0.985221
-0.008454,-0.211076,0.935387,-0.545564,-1.119841,9.131011,-0.005748,0.049779,-0.038854,-0.997983,0.593842,-0.612998,0.863092,3.107298,-0.510864,9.467768,0.036513,-0.129112,-0.122629,-0.983337,0.188369,0.761990,0.827973,0.448608,-0.872192,9.908442,-0.126583,0.099272,-0.051243,-0.985641
0.000273,-0.189259,0.736583,-0.287139,-0.870987,9.006584,0.001465,0.046892,-0.037358,-0.998196,0.582135,-0.527859,0.377802,2.618407,-0.225220,8.969722,0.040372,-0.134662,-0.127065,-0.981877,0.322462,0.812009,0.511896,0.632324,-0.341797,9.976801,-0.121033,0.105644,-0.055452,-0.985448
0.001909,-0.212712,0.574595,-0.019143,-0.258425,8.872586,0.007101,0.043240,-0.036162,-0.998381,0.633218,-0.372481,0.008514,2.197264,0.825195,8.461909,0.040822,-0.137987,-0.132801,-0.980637,0.350132,0.576814,0.926946,0.505981,-0.278931,9.769281,-0.111538,0.109417,-0.060068,-0.985886
0.019635,-0.202076,0.452422,0.124427,0.334995,8.891729,0.011578,0.039182,-0.035920,-0.998515,0.670466,-0.256480,-0.107487,1.970214,1.349487,7.995601,0.040323,-0.139896,-0.139230,-0.979495,0.349068,0.284150,1.439906,-0.359497,0.251465,9.559320,-0.097130,0.110232,-0.065079,-0.987001
0.052633,-0.148353,0.393245,0.478565,1.014557,9.207582,0.015523,0.035655,-0.037192,-0.998547,0.580007,-0.183048,0.009578,2.565306,2.043456,7.645259,0.040957,-0.141564,-0.144905,-0.978405,0.406537,0.521474,1.220675,-0.972900,0.026855,10.661615,-0.084824,0.113663,-0.070491,-0.987375
0.098175,-0.034361,0.392972,1.024128,1.445265,9.609575,0.019496,0.033355,-0.039124,-0.998483,0.500189,-0.006385,0.276700,3.529051,2.313841,7.188716,0.044400,-0.142328,-0.149475,-0.977456,0.278829,0.624704,1.020599,-1.026611,0.552368,10.650019,-0.074269,0.118319,-0.074632,-0.987374
0.144535,-0.034907,0.359156,1.607977,1.828117,10.193424,0.023120,0.031087,-0.041545,-0.998381,0.368224,0.168149,0.544887,4.040525,2.894285,6.504513,0.050528,-0.142020,-0.152546,-0.976729,0.212846,0.823716,0.990800,0.315552,1.549682,10.438837,-0.063743,0.124493,-0.078537,-0.987047
0.189532,-0.197440,0.375791,2.115255,1.885544,10.365707,0.026831,0.027146,-0.044332,-0.998283,0.270315,0.484226,0.690687,4.573972,3.517454,6.349483,0.058463,-0.139734,-0.154952,-0.976237,0.319270,0.333105,1.801746,0.679931,1.485595,10.485834,-0.045956,0.124231,-0.084022,-0.987617
0.276798,-0.297797,0.345248,1.320838,1.368695,9.504292,0.030172,0.022187,-0.047861,-0.998147,0.162828,0.673659,0.786468,5.377805,3.264769,6.788326,0.067561,-0.136003,-0.155698,-0.976057,0.415051,0.416115,1.496311,2.571410,1.209106,10.159296,-0.031210,0.124981,-0.089954,-0.987576
0.345793,-0.480784,0.372519,1.234697,1.043271,8.910872,0.033684,0.015336,-0.051818,-0.997966,0.238388,0.703458,-0.191562,3.851316,2.560423,7.134395,0.067316,-0.130493,-0.158232,-0.976419,0.451235,0.587456,1.436714,3.208006,0.778198,10.566401,-0.016932,0.127474,-0.096011,-0.987034
0.445059,-0.526326,0.396517,1.330409,0.019143,8.776874,0.037379,0.008265,-0.055567,-0.997717,0.346940,0.531052,-1.385630,3.120726,1.492309,7.008053,0.055170,-0.123392,-0.162726,-0.977365,0.393766,0.382059,1.326034,3.992307,0.111084,11.099847,-0.003784,0.128218,-0.101158,-0.986562
0.466603,-0.542688,0.065450,-0.985843,-2.019542,9.590433,0.037653,0.003456,-0.058500,-0.997567,0.370353,0.225617,-1.514403,4.558713,1.077270,7.533565,0.041428,-0.119425,-0.167575,-0.977718,0.345876,-0.074496,0.757733,5.045774,-1.254272,11.681512,0.003317,0.125029,-0.104800,-0.986593
0.195804,-0.130900,-0.317704,-7.379465,-4.259224,13.198810,0.034309,0.003927,-0.059202,-0.997644,0.144736,0.537437,-1.116380,6.922604,8.767085,19.619740,0.031656,-0.112460,-0.170372,-0.978425,0.402280,-0.696008,0.727935,2.390746,-3.737180,13.734734,0.009278,0.116248,-0.108362,-0.987243
-0.433878,0.833667,-0.349066,-3.177669,-2.957529,14.787644,0.031269,0.013347,-0.052879,-0.998018,0.241581,1.711286,2.228503,0.857543,12.695915,19.890736,0.056455,-0.098795,-0.170352,-0.978788,0.225617,-2.083767,0.693880,-0.962524,-4.036252,16.175528,0.013526,0.094408,-0.110073,-0.989333
-0.826032,0.287161,-0.696768,-0.622134,0.909273,10.537991,0.024472,0.018016,-0.043392,-0.998591,0.303306,-1.940096,1.513338,-6.192013,-6.473995,8.883662,0.068191,-0.118954,-0.171335,-0.975621,-0.090460,-2.675480,-1.200454,-0.046387,1.118774,11.998284,-0.001121,0.068520,-0.107849,-0.991799
-0.516508,-0.779671,-0.791943,-2.574677,1.330409,7.551748,0.016242,0.012378,-0.038780,-0.999035,0.870542,-1.609119,-3.484297,-6.127926,-17.545156,-6.113278,0.032599,-0.127661,-0.183009,-0.974238,-0.310756,-2.887263,-2.270008,-0.181885,4.390867,12.895500,-0.026326,0.041914,-0.103541,-0.993389
0.272162,-0.715312,-0.841849,-3.081956,0.411565,6.585048,0.007442,0.007598,-0.041405,-0.999082,-0.378867,-0.261801,5.719185,17.206411,-13.828117,-0.930786,0.087661,-0.142138,-0.170680,-0.971068,-0.462941,-3.321469,-0.535309,-4.364011,2.836912,11.779778,-0.035059,0.011555,-0.098050,-0.994493
0.908389,-0.209985,-0.697314,-1.971686,-1.483550,8.872586,0.000254,0.007121,-0.048898,-0.998774,-0.180920,-0.071304,-4.477226,-6.586300,5.168454,9.249262,0.043388,-0.133345,-0.175473,-0.974442,-0.661953,-2.277457,0.562979,-3.775633,-1.386718,14.061272,-0.031757,-0.010114,-0.089225,-0.995449
1.062469,0.196350,-0.576504,0.650848,-1.416551,10.949556,-0.005467,0.008751,-0.057576,-0.998284,-0.476776,0.288407,-6.136364,-9.111934,11.328118,15.457145,-0.016858,-0.118176,-0.179161,-0.976547,-0.622576,-2.251916,-0.234131,-0.355835,-2.537230,13.764030,-0.036034,-0.031892,-0.081080,-0.995541
0.537507,-0.131172,-0.838849,1.052842,0.823131,11.992827,-0.013867,0.006075,-0.062047,-0.997954,-0.138350,-0.351197,-3.145871,3.619993,11.043084,14.343253,-0.048292,-0.115862,-0.182198,-0.975213,-0.705586,-2.424321,-1.268565,0.162964,-2.386473,11.472161,-0.050675,-0.054488,-0.072311,-0.994599
0.322613,-0.469603,-1.339540,-0.937986,1.646262,10.394422,-0.027648,0.003988,-0.065937,-0.997428,-0.047890,0.753477,-0.754541,1.297607,3.723142,7.145992,-0.054183,-0.106940,-0.183301,-0.975716,-0.816266,-2.483918,-2.038005,-1.297607,-0.955810,11.702264,-0.072982,-0.076410,-0.063224,-0.992386
0.455967,-0.562051,-1.448623,-2.239682,1.416551,8.116454,-0.042607,0.001173,-0.070627,-0.996587,-0.119194,1.008892,-0.738577,-2.257079,2.285765,8.399653,-0.059758,-0.094177,-0.183185,-0.976727,-0.984415,-2.367917,-2.763812,-2.464598,-0.083008,11.586907,-0.102428,-0.096100,-0.053409,-0.988642
0.596957,-0.422970,-1.459259,-1.646262,1.100698,7.628319,-0.057588,-0.000274,-0.076473,-0.995403,-0.189433,0.763055,-0.813074,-0.117187,2.027587,9.036860,-0.066414,-0.084332,-0.181929,-0.977431,-0.875863,-2.455184,-2.531809,-2.183226,0.232544,9.762568,-0.129341,-0.116646,-0.044440,-0.983708
0.524690,-0.274071,-1.426534,-1.196411,0.775275,8.173882,-0.072135,-0.000338,-0.080862,-0.994107,-0.210718,0.486354,-2.635040,1.392211,0.837402,9.091182,-0.091209,-0.074571,-0.181203,-0.976360,-0.678980,-2.086960,-2.121015,-0.259399,1.336059,8.251338,-0.151615,-0.134325,-0.037787,-0.978537
0.372246,-0.240801,-1.553070,-0.775275,0.708275,9.781859,-0.087875,-0.000434,-0.082902,-0.992671,-0.234131,0.512960,-2.671223,0.023804,3.323362,9.317621,-0.116383,-0.064022,-0.181202,-0.974430,-0.779018,-1.579321,-1.515467,0.319824,0.786132,8.482661,-0.167741,-0.147085,-0.029807,-0.974337
0.274617,-0.438787,-1.665153,-0.966700,0.669990,9.446864,-0.104886,-0.002177,-0.083914,-0.990931,-0.205397,0.891827,-2.513717,0.476684,4.128416,10.175165,-0.139159,-0.050367,-0.181817,-0.972128,-0.940781,-1.316455,-1.440971,0.032349,-1.061401,8.086543,-0.183161,-0.156737,-0.019832,-0.970301
0.344975,-0.511600,-1.757601,-1.100698,0.622134,7.791030,-0.122860,-0.004389,-0.085871,-0.988688,-0.168149,0.903533,-2.181676,0.211182,3.795774,9.429316,-0.158562,-0.037267,-0.182511,-0.969614,-0.978030,-1.167463,-1.820902,-0.711670,-1.690673,7.573238,-0.202214,-0.164480,-0.010262,-0.965372
0.367610,-0.347702,-1.812415,-1.052842,0.794417,6.374479,-0.141209,-0.004763,-0.088781,-0.985975,-0.234131,0.321398,-1.773011,-0.023804,3.112181,8.313594,-0.175020,-0.030441,-0.181319,-0.967242,-0.872671,-0.968451,-2.167841,-0.923461,-1.510009,6.272579,-0.224304,-0.170265,-0.002733,-0.959522
0.272435,-0.151625,-1.871320,-0.995414,1.158126,6.202196,-0.159922,-0.003026,-0.091704,-0.982852,-0.278829,0.209654,-2.122079,0.898437,2.540282,7.835689,-0.194926,-0.025628,-0.178441,-0.964104,-0.604484,-0.734320,-2.447735,-1.267089,1.146850,5.707394,-0.248979,-0.174142,-0.000272,-0.952720
0.133354,-0.058632,-1.980949,-1.100698,1.186840,6.661618,-0.179582,-0.000021,-0.093193,-0.979315,-0.254352,0.368224,-2.160392,0.669555,2.678832,8.497920,-0.214872,-0.019155,-0.175929,-0.960470,-0.519345,-0.474648,-2.408358,-0.194092,2.052611,5.663449,-0.273064,-0.176107,0.000166,-0.945735
-0.003818,0.033543,-2.073669,-1.004985,1.435694,7.063612,-0.199973,0.004122,-0.093851,-0.975283,-0.188369,0.380995,-1.943288,0.059814,2.687987,9.061885,-0.232775,-0.012381,-0.173537,-0.956838,-0.484226,-0.280957,-2.283843,1.002807,2.062377,5.770871,-0.295787,-0.176785,-0.000367,-0.938748
-0.129809,0.120810,-2.025127,-0.870987,1.665405,7.848458,-0.219677,0.009095,-0.093834,-0.971003,-0.203268,-0.057469,-1.841122,0.045166,2.443236,8.559566,-0.250369,-0.010196,-0.170010,-0.953048,-0.467198,-0.008514,-1.897526,1.601562,1.708373,6.572872,-0.314719,-0.174833,-0.001169,-0.932939
-0.176169,0.153534,-1.996766,-0.813560,1.952543,8.288737,-0.238864,0.013600,-0.094067,-0.966386,-0.276700,-0.321398,-2.073125,0.565796,2.304686,8.880000,-0.270476,-0.010348,-0.165338,-0.948362,-0.394830,0.128772,-1.750662,2.799681,1.690063,7.702632,-0.331921,-0.173214,-0.002690,-0.927259
-0.178624,0.182441,-2.043671,-0.516850,1.952543,8.690732,-0.258211,0.016717,-0.094182,-0.961337,-0.376738,-0.493804,-2.001821,-0.294800,2.604979,9.133296,-0.290034,-0.010778,-0.160361,-0.943420,-0.318205,0.031927,-2.033748,4.266965,1.643065,8.469844,-0.350886,-0.172321,-0.003335,-0.920416
-0.179169,0.229074,-2.152755,-0.009571,1.617548,8.930014,-0.278446,0.019455,-0.092297,-0.955805,-0.440592,-0.396959,-1.969894,0.065308,2.998656,8.961177,-0.308985,-0.010384,-0.155169,-0.938262,-0.233067,-0.183048,-2.251916,5.668942,1.231078,8.862300,-0.371522,-0.173818,-0.004094,-0.911995
-0.179714,0.249255,-2.238930,0.153141,1.607977,9.293723,-0.299370,0.022469,-0.090353,-0.949579,-0.469326,-0.188369,-1.976280,-0.004883,3.303221,8.551021,-0.327547,-0.007983,-0.150512,-0.932731,-0.143671,-0.378867,-2.442413,6.469723,0.325317,9.108272,-0.393496,-0.177326,-0.004966,-0.902044
-0.119173,0.211621,-2.204842,-0.172283,2.450250,9.379865,-0.319825,0.025165,-0.090437,-0.942810,-0.487418,-0.026606,-2.059290,-0.122681,3.829344,8.099360,-0.346504,-0.003949,-0.146456,-0.926532,-0.097909,-0.131965,-2.272136,5.288083,-0.976562,9.306025,-0.413576,-0.178290,-0.006587,-0.892814
0.047997,0.212167,-2.204842,-0.133998,2.928815,9.456435,-0.340162,0.027467,-0.092254,-0.935423,-0.521474,-0.009578,-2.075253,0.422363,4.487302,8.453364,-0.365407,0.000116,-0.142167,-0.919923,-0.175598,0.004257,-2.464762,6.069333,-0.506591,10.424189,-0.435276,-0.177707,-0.008504,-0.882539
0.207258,0.187350,-2.130393,0.191426,3.541378,9.341579,-0.359698,0.028909,-0.095447,-0.927719,-0.539566,-0.080882,-2.061418,0.299682,4.410398,8.721919,-0.384128,0.003574,-0.137383,-0.912990,-0.276700,-0.358646,-3.037319,6.884762,1.029052,10.172113,-0.461915,-0.180044,-0.009249,-0.868404
0.304887,0.132809,-2.062216,0.574277,3.120241,9.150154,-0.378517,0.029171,-0.098905,-0.919828,-0.558722,-0.263930,-1.954995,1.610106,3.504637,9.071040,-0.401953,0.004908,-0.131187,-0.906196,-0.506575,-0.294792,-2.577571,4.205930,2.520751,8.865962,-0.484644,-0.180533,-0.008096,-0.855836
0.324795,-0.010636,-2.198024,-1.808974,1.301695,9.389436,-0.398897,0.031995,-0.101188,-0.910829,-0.576814,-0.499125,-1.931582,2.156371,2.617796,9.859003,-0.419740,0.004099,-0.123432,-0.899199,-0.774761,-0.057469,-1.571871,4.816281,3.525999,7.933345,-0.499042,-0.178031,-0.004154,-0.848078
0.321250,0.092993,-2.399009,-10.624132,-0.440279,11.916257,-0.420762,0.035938,-0.103969,-0.900472,-0.526795,-0.768376,-2.176355,1.770019,4.295042,13.288567,-0.439866,0.001091,-0.115295,-0.890627,-0.893955,-0.432078,-0.359711,4.840085,4.176023,17.614126,-0.503313,-0.177206,0.004756,-0.845721
0.502873,0.902390,-1.885228,-8.623733,-0.258425,15.160924,-0.437022,0.045877,-0.111631,-0.891312,-0.104295,-1.440971,-2.291292,-0.762329,4.360960,18.871449,-0.461582,-0.008922,-0.107922,-0.880459,-0.143671,0.097909,-2.248723,-0.785522,7.667232,19.999378,-0.522414,-0.175060,0.000245,-0.834524
0.909207,1.319905,-1.226367,-2.584249,1.177269,12.806387,-0.447049,0.056302,-0.123412,-0.884160,0.422500,-2.073125,-1.654881,0.154419,0.567627,15.859976,-0.478050,-0.027322,-0.101293,-0.872040,-0.309692,-1.094031,-2.844693,9.317621,-3.041991,13.328239,-0.545963,-0.182755,0.004932,-0.817614
0.781035,0.755400,-1.347721,0.823131,-0.124427,10.528419,-0.458509,0.060155,-0.131289,-0.876873,0.574686,-2.280650,-1.531430,-0.996704,-1.553954,13.103020,-0.493310,-0.047613,-0.094668,-0.863370,-1.537816,-2.154006,-1.276015,-5.984494,-9.094234,3.068846,-0.558756,-0.190165,0.027680,-0.806756
0.409880,0.041997,-1.911136,0.105284,-2.756532,9.580862,-0.475600,0.061170,-0.131990,-0.867544,0.507639,-2.130593,-1.482476,-0.593261,-1.784057,10.952752,-0.507850,-0.065940,-0.087648,-0.854429,-1.717671,1.012085,0.219232,-7.440792,-5.560299,-0.788574,-0.560539,-0.170524,0.036398,-0.809558
-0.015544,-0.445604,-2.165572,-1.799403,-2.565106,9.667004,-0.495123,0.060973,-0.126589,-0.857381,0.380995,-1.702772,-1.245152,-0.659179,-2.197264,11.306146,-0.519747,-0.080021,-0.081616,-0.846634,-0.640668,0.593842,-3.017099,0.687866,-3.412474,7.559810,-0.585925,-0.161566,0.034174,-0.793355
-0.276526,-0.859029,-2.437189,-2.823531,-0.478565,9.226724,-0.517031,0.059504,-0.117112,-0.845821,0.494868,-1.618697,-2.517974,-0.692749,1.589355,13.029167,-0.541655,-0.093451,-0.079194,-0.831624,-0.509767,0.443785,-0.848193,6.360470,-1.194457,17.614126,-0.593150,-0.155078,0.035077,-0.789231
-0.288525,-0.516781,-2.295926,-2.364109,0.641276,9.456435,-0.536980,0.060751,-0.109261,-0.834275,0.436335,-1.707029,-2.586085,0.078125,1.071777,11.345208,-0.563727,-0.107199,-0.075499,-0.815483,0.159635,0.461877,-2.406229,-2.886961,1.396484,13.657829,-0.611850,-0.151748,0.026355,-0.775828
-0.175351,-0.013635,-2.130120,-2.411965,0.689133,8.930014,-0.554684,0.065823,-0.105984,-0.822649,0.401216,-1.659138,-1.679359,-0.095825,-0.602417,9.299921,-0.578048,-0.120497,-0.070281,-0.803986,-0.261801,-0.146864,-2.742527,-1.012573,5.759884,7.393184,-0.633255,-0.152132,0.023424,-0.758477
-0.020998,0.145899,-1.918226,-3.139383,0.564706,8.997013,-0.570225,0.071061,-0.105784,-0.811538,0.344811,-1.608055,-1.569743,-0.289917,-0.443725,8.533320,-0.591251,-0.132902,-0.064876,-0.792807,-0.785403,0.742834,-2.302999,1.810912,4.849851,6.885372,-0.651716,-0.142920,0.020091,-0.744600
0.132536,0.049360,-1.796871,-3.081956,0.172283,8.556734,-0.584828,0.074555,-0.105910,-0.800745,0.180920,-1.542073,-1.830480,-0.040283,0.511474,8.285518,-0.606565,-0.143176,-0.059009,-0.779800,-0.802431,1.876242,-1.604862,0.935058,0.747680,8.942866,-0.665144,-0.122128,0.011120,-0.736571
0.233710,-0.059450,-1.712604,-2.373680,-0.401994,8.327023,-0.598907,0.076040,-0.104875,-0.790267,-0.002128,-1.461191,-1.759176,0.249023,1.176757,8.612666,-0.620989,-0.152409,-0.052460,-0.767062,-0.592777,1.296235,-0.924818,-0.728149,-1.646728,10.651850,-0.672512,-0.107171,0.005951,-0.732256
0.256891,0.068995,-1.618793,-2.057827,-1.062413,8.336594,-0.611984,0.077885,-0.104467,-0.780056,-0.079817,-1.216418,-1.666588,0.238037,1.206664,8.876338,-0.634428,-0.159149,-0.046720,-0.754972,-0.235195,0.869478,-0.863092,-0.125732,-1.923827,9.982294,-0.678850,-0.097842,0.001433,-0.727722
0.232074,0.161443,-1.558524,-2.009971,-1.464407,8.394022,-0.624319,0.080457,-0.104407,-0.769963,-0.062790,-1.062104,-1.534623,0.397339,0.177002,8.782954,-0.646541,-0.164578,-0.041360,-0.743761,0.064918,0.647053,-0.999314,0.177612,-1.096801,10.351557,-0.685770,-0.092378,-0.003963,-0.721916
0.179442,0.104174,-1.545434,-2.536392,-1.253839,8.193025,-0.636381,0.083286,-0.103939,-0.759783,0.019156,-0.924818,-1.055719,-0.104370,-0.278320,7.957149,-0.654790,-0.169431,-0.036777,-0.735651,0.059597,0.367160,-1.538880,0.218506,0.120239,11.104119,-0.696458,-0.089179,-0.008234,-0.711982
0.198804,0.049633,-1.581705,-2.737389,-0.861416,8.030313,-0.648586,0.085805,-0.103558,-0.749160,0.060661,-0.634282,-0.521474,0.210571,0.552368,7.511592,-0.658859,-0.172749,-0.033734,-0.731380,-0.105359,0.306499,-2.062482,0.840454,1.055908,11.049798,-0.710739,-0.085768,-0.011428,-0.698108
0.281980,0.116719,-1.556615,-2.708675,-0.373280,8.231310,-0.660403,0.088326,-0.104467,-0.738339,0.117066,-0.419308,-0.422500,0.897827,1.673583,7.274166,-0.661964,-0.175675,-0.032687,-0.727918,-0.284150,0.242645,-2.094409,0.911865,2.073973,9.573969,-0.725079,-0.082109,-0.013288,-0.683619
0.403335,0.157625,-1.440442,-2.622534,0.421137,8.480164,-0.670933,0.089236,-0.108880,-0.728027,0.156442,-0.365032,-0.767312,1.165771,2.341918,7.149044,-0.667465,-0.178915,-0.033186,-0.722060,-0.307563,0.393766,-1.606991,0.746460,1.947020,8.295283,-0.735817,-0.077378,-0.015723,-0.672556
0.480784,0.092993,-1.287180,-2.268396,0.976272,8.461020,-0.680380,0.086422,-0.112927,-0.718925,0.290535,-0.303306,-1.896462,3.244017,2.750242,6.647945,-0.680439,-0.183393,-0.036224,-0.708554,-0.244773,0.663017,-1.390952,1.113281,1.004638,8.746943,-0.744793,-0.071032,-0.019714,-0.663205
0.471512,0.020726,-1.103103,-1.713261,1.397408,8.403593,-0.688543,0.082679,-0.115901,-0.711077,0.295857,-0.113873,-2.335990,3.759763,2.930907,6.536251,-0.695936,-0.187011,-0.040984,-0.692107,-0.221360,0.719421,-0.779018,1.539916,1.285400,9.127803,-0.749801,-0.065876,-0.022762,-0.657975
0.406062,0.027543,-0.862574,-1.272982,1.617548,8.432307,-0.694888,0.079120,-0.118334,-0.704883,0.137286,0.159635,-1.696386,3.523558,3.124388,6.514278,-0.706886,-0.187859,-0.045437,-0.680403,-0.141543,0.686430,-0.334169,0.900268,1.166991,9.616083,-0.751814,-0.061192,-0.025455,-0.656029
0.346066,0.000000,-0.619865,-1.196411,1.502693,8.451449,-0.699477,0.075502,-0.120131,-0.700422,0.073432,0.490611,-1.094031,3.023070,3.579099,6.748043,-0.713572,-0.186355,-0.051080,-0.673401,-0.170277,0.616191,-0.592777,1.369628,0.852661,9.688715,-0.755547,-0.056395,-0.027456,-0.652079
0.307069,-0.056996,-0.389699,-1.253839,1.225125,8.528020,-0.702503,0.071541,-0.121110,-0.697636,0.157506,0.780082,-0.848193,3.327024,4.248655,7.555538,-0.718201,-0.183620,-0.058978,-0.668569,-0.227746,0.473583,-0.618319,1.289672,1.013793,9.923090,-0.759471,-0.052392,-0.028156,-0.647810
0.290434,-0.139081,-0.210803,-1.588834,0.851845,8.729017,-0.704413,0.067106,-0.121064,-0.696157,0.260737,0.796046,-0.362903,4.472654,4.635617,8.660274,-0.719353,-0.181138,-0.066578,-0.667293,-0.121322,0.176663,-0.722614,1.902465,1.137695,9.678339,-0.763813,-0.050782,-0.028336,-0.642807
0.340339,-0.132536,-0.026725,-2.019542,0.813560,9.054440,-0.705047,0.062151,-0.121508,-0.695897,0.416115,0.956745,-0.362903,5.559079,4.116819,9.394526,-0.720033,-0.178600,-0.075926,-0.666245,0.009578,0.186241,-0.438464,2.672728,0.453491,9.493402,-0.766262,-0.050122,-0.028848,-0.639915
0.396517,-0.111265,0.122446,-2.048256,1.014557,9.178867,-0.704549,0.056539,-0.123079,-0.696604,0.345876,0.242645,-1.112123,5.377805,3.842161,9.034419,-0.726268,-0.179700,-0.080908,-0.658551,0.062790,0.046826,0.615126,2.699584,0.385132,10.228876,-0.761958,-0.050989,-0.028105,-0.644998
0.429787,-0.234256,0.269708,-3.397808,0.306281,8.891729,-0.703208,0.053409,-0.125158,-0.697835,0.091524,-0.524667,-0.820523,2.932127,2.682494,10.108637,-0.731671,-0.183263,-0.077942,-0.651912,0.173470,-0.424629,0.578942,2.913206,0.835571,13.491814,-0.757918,-0.055693,-0.024682,-0.649494
0.380427,-0.278435,0.293433,-5.340780,-1.397408,9.178867,-0.701781,0.050380,-0.126210,-0.699306,-0.261801,-0.725807,-0.540630,0.189209,1.145629,15.980825,-0.736345,-0.183984,-0.071245,-0.647196,0.225617,-1.795360,-0.468262,1.994017,-0.980834,12.944328,-0.760871,-0.068559,-0.011605,-0.645160
0.124900,-0.179169,-0.007636,-4.048656,-1.579263,9.217153,-0.702280,0.050195,-0.125399,-0.698963,-0.379931,-0.824780,-0.219232,-0.610351,1.191406,18.692616,-0.739164,-0.184591,-0.062701,-0.644689,-0.223489,-3.191633,-0.533180,2.680663,1.387328,14.579459,-0.764059,-0.087664,0.014332,-0.638996
-0.355338,0.106901,-0.250618,-1.205983,-0.861416,7.819745,-0.703972,0.054459,-0.121727,-0.697590,-0.148993,-1.824094,1.323905,2.151488,-1.373290,9.401239,-0.731833,-0.194855,-0.044320,-0.651521,0.062790,-3.031998,-0.780082,3.435057,0.425415,13.701775,-0.767785,-0.107628,0.037183,-0.630501
-0.470966,0.212712,-0.260436,-2.163112,-1.138984,7.245467,-0.705472,0.061197,-0.118660,-0.696042,0.305435,-0.493804,0.970580,1.412353,-7.132564,2.491454,-0.725113,-0.199499,-0.039303,-0.657919,0.452299,-2.990493,-1.430328,3.502806,1.631469,10.010370,-0.774356,-0.131071,0.056138,-0.616468
-0.331340,0.237528,-0.326704,-3.455236,-1.339981,8.355737,-0.707379,0.067500,-0.117379,-0.693738,-0.271379,0.368224,0.768376,1.513061,-4.122922,6.272579,-0.720504,-0.194108,-0.037343,-0.664675,0.229874,-2.447735,-0.171341,0.148315,1.021118,5.047605,-0.773812,-0.147277,0.071640,-0.611870
-0.119173,0.215439,-0.465512,-4.450650,-1.158126,9.743574,-0.710328,0.072347,-0.117738,-0.690166,-0.348004,-0.121322,-1.761305,1.266479,3.446653,12.186273,-0.733176,-0.189942,-0.038106,-0.651855,-0.050019,-2.257237,-0.295857,-6.824947,-2.196044,6.208493,-0.774169,-0.159317,0.087974,-0.606245
0.065723,0.231256,-0.755400,-3.512664,0.421137,11.734403,-0.715373,0.076320,-0.119092,-0.684269,-0.379931,-0.914176,-2.959630,-2.866209,7.109981,13.317253,-0.753458,-0.191285,-0.036391,-0.627995,-0.195819,-0.901405,0.853514,0.346679,-2.097167,10.214228,-0.768600,-0.160641,0.097423,-0.611514
0.125446,0.229347,-1.084558,-2.249253,3.005385,10.145568,-0.722393,0.076545,-0.121711,-0.676363,-0.415051,-0.742834,-1.913490,-1.136474,6.606441,9.735102,-0.766354,-0.192234,-0.033388,-0.612066,-0.351197,0.180920,0.458684,1.685180,-0.049438,12.550041,-0.766396,-0.154977,0.098322,-0.615584
0.279798,0.267526,-1.172098,-2.306681,3.493521,9.628718,-0.729953,0.076102,-0.125720,-0.667505,-0.222425,-0.557658,-1.092967,0.996704,3.474119,7.699581,-0.773379,-0.193772,-0.030505,-0.602825,-0.713036,-0.230938,0.008514,0.527954,0.187378,11.571649,-0.767218,-0.149485,0.103493,-0.615071
0.497146,0.239710,-1.133101,-3.541378,2.258825,8.709874,-0.737241,0.074816,-0.131740,-0.658418,-0.297985,-0.254352,-0.764119,-0.702514,3.311766,8.657832,-0.778663,-0.191992,-0.029534,-0.596610,-0.696008,-0.454427,-1.243023,-0.452881,-0.624389,9.113154,-0.775427,-0.146556,0.108470,-0.604533
0.576231,0.424879,-1.133646,-3.617948,1.282553,8.834301,-0.744215,0.074956,-0.139708,-0.648845,-0.392702,-0.361839,-0.390573,-0.538940,3.744505,10.741571,-0.781886,-0.190108,-0.026306,-0.593139,-0.654503,-0.446978,-1.913490,-0.303345,0.055542,6.967159,-0.787406,-0.144804,0.111826,-0.588651
0.478602,0.511054,-1.190642,-3.225525,0.411565,8.566305,-0.751448,0.078133,-0.146448,-0.638565,-0.451235,-0.354389,-0.660888,1.060790,2.343749,10.227045,-0.787041,-0.186662,-0.022133,-0.587559,-0.647053,0.024477,-2.248723,-0.525512,0.639038,5.913083,-0.801717,-0.140973,0.110640,-0.570199
0.350157,0.512145,-1.345812,-3.282953,0.191426,8.298309,-0.759503,0.082658,-0.151682,-0.627142,-0.574686,-0.378867,-0.916304,1.676635,1.276244,9.077144,-0.793680,-0.182611,-0.016423,-0.580041,-0.426757,0.902469,-2.244466,-0.522461,1.375732,5.836789,-0.816200,-0.134269,0.100843,-0.552822
0.295070,0.379064,-1.468804,-3.177669,0.277567,8.307880,-0.768365,0.086957,-0.155061,-0.614818,-0.578942,-0.239452,-1.182362,2.015990,1.709594,8.620601,-0.801599,-0.178037,-0.011800,-0.570608,-0.310756,1.346254,-1.593156,-0.172729,3.186644,7.059322,-0.826868,-0.126223,0.087495,-0.541011
0.320977,0.313341,-1.544889,-3.302095,0.880559,7.972885,-0.777206,0.088453,-0.159945,-0.602110,-0.504446,-0.142607,-1.340933,1.697387,2.714842,8.753047,-0.809865,-0.174631,-0.010151,-0.559922,-0.160699,1.847507,-0.754541,0.701904,3.682249,8.903804,-0.832522,-0.116196,0.070551,-0.537048
0.338158,0.370064,-1.511073,-3.445665,1.531407,7.743174,-0.785570,0.089517,-0.165186,-0.589552,-0.477840,-0.169213,-1.357961,1.430053,3.593138,8.785396,-0.818032,-0.172044,-0.009053,-0.548757,0.031927,2.177420,-0.889698,1.715087,3.632810,9.018550,-0.838372,-0.106435,0.050164,-0.532239
0.295342,0.484602,-1.433079,-3.445665,2.191826,7.628319,-0.793070,0.091153,-0.170919,-0.577503,-0.464005,-0.291600,-1.355832,1.423339,4.385374,8.790278,-0.826002,-0.170560,-0.007204,-0.537188,0.398023,1.733635,-2.234888,1.783446,5.283811,9.149165,-0.850181,-0.103008,0.030205,-0.515424
0.229893,0.439605,-1.423534,-3.455236,2.277967,7.724031,-0.800353,0.092898,-0.175782,-0.565594,-0.496997,-0.408665,-1.015278,2.165526,4.910886,8.834224,-0.832009,-0.169754,-0.003316,-0.528134,0.786468,0.291600,-4.124965,3.148802,3.720091,10.918572,-0.869589,-0.110605,0.019436,-0.480828
0.219257,0.299706,-1.513800,-3.416951,1.694118,7.599605,-0.808187,0.094086,-0.179348,-0.552999,-0.493804,-0.407601,-0.723678,2.694090,4.530027,9.000239,-0.836351,-0.168981,0.001384,-0.521491,0.749220,-0.050019,-4.811395,7.374874,2.517088,11.546014,-0.890462,-0.119066,0.012271,-0.439025
0.203985,0.208076,-1.604885,-4.115655,0.583849,7.379465,-0.816428,0.097113,-0.182321,-0.539226,-0.481033,-0.464005,-0.474648,2.616576,4.046628,8.661494,-0.839326,-0.168559,0.006987,-0.516782,0.318205,-0.200076,-2.463698,2.352904,3.175047,8.910518,-0.900121,-0.124143,0.009980,-0.417449
0.214076,0.207258,-1.645791,-6.297909,0.019143,8.346166,-0.824742,0.100681,-0.184905,-0.524848,-0.455491,-0.548080,-0.692815,1.845092,2.878416,8.706660,-0.843429,-0.168034,0.012670,-0.510121,0.219232,-0.177727,-0.868414,3.541868,5.239865,10.018915,-0.902982,-0.128365,0.009859,-0.409928
0.325886,0.324249,-1.618793,-5.398208,0.306281,9.628718,-0.832522,0.103637,-0.189160,-0.510272,-0.389509,-0.536373,-1.381374,1.217651,1.667480,9.404902,-0.851099,-0.166185,0.016760,-0.497718,-0.085139,0.080882,0.310756,3.027342,4.132078,8.662715,-0.901379,-0.128596,0.010265,-0.413358
0.334612,0.408243,-1.463349,-3.818945,1.301695,9.762716,-0.839446,0.103777,-0.192749,-0.497394,-0.394830,-0.640668,-1.874113,1.181640,1.478271,9.225458,-0.860957,-0.164714,0.020991,-0.480806,-0.471455,0.820523,1.195133,0.232544,2.495726,10.672602,-0.896675,-0.120597,0.005415,-0.425903
0.264254,0.516508,-1.069560,-3.330809,2.172683,9.236296,-0.843930,0.104270,-0.197461,-0.487761,-0.384188,0.044698,-1.653817,2.359007,2.467650,8.600459,-0.869207,-0.161968,0.020329,-0.466717,-0.545951,1.896462,0.575750,-5.338132,1.306152,10.903314,-0.894836,-0.106507,-0.010223,-0.433372
0.280344,0.493056,-0.722675,-3.196811,0.918844,9.667004,-0.846945,0.104165,-0.201301,-0.480939,-0.528924,0.466134,-1.153628,2.886961,2.345580,9.569696,-0.875215,-0.155657,0.017961,-0.457645,-0.294792,0.686430,-0.630026,2.228392,-5.771481,15.711051,-0.897779,-0.099191,-0.014689,-0.428869
0.359156,0.454604,-0.659680,-2.794817,-1.148555,9.312865,-0.849973,0.104952,-0.204383,-0.474078,-0.628961,0.605548,-0.545951,2.773436,1.212768,10.871575,-0.878640,-0.146533,0.015992,-0.454155,0.015963,-1.530366,-3.270386,2.800291,-2.589720,8.346553,-0.911371,-0.104243,-0.002672,-0.398146
0.369246,0.348793,-0.802851,-3.053242,-2.861816,8.642876,-0.853771,0.106343,-0.206790,-0.465828,-0.654503,0.426757,0.076625,2.453001,-0.045776,10.870965,-0.879273,-0.137427,0.016553,-0.455752,-0.042569,-0.235195,-1.382438,-2.992552,0.216064,4.976193,-0.916888,-0.103619,-0.003425,-0.385433
0.217348,0.220621,-1.102285,-3.962514,-2.603391,7.953743,-0.858858,0.109474,-0.207533,-0.455302,-0.543823,0.096845,-0.246902,2.149047,-0.531616,10.385126,-0.881220,-0.130702,0.019029,-0.453869,-0.143671,1.140857,-0.057469,-6.778561,2.844237,6.853024,-0.917247,-0.097513,-0.015342,-0.385883
0.091357,0.086721,-1.198823,-4.584648,-1.330409,7.532606,-0.864181,0.113470,-0.207290,-0.444227,-0.365032,-0.272444,-1.277079,1.926268,-0.142212,9.299311,-0.887423,-0.127459,0.022674,-0.442394,-0.089396,1.220675,-0.203268,-2.348631,2.408446,9.483027,-0.917921,-0.091549,-0.028340,-0.385005
0.089175,0.235074,-1.003837,-4.144369,-0.593420,7.752745,-0.868294,0.117694,-0.208120,-0.434616,-0.195819,-0.282022,-1.882627,2.177733,0.727539,8.322749,-0.895682,-0.126706,0.025167,-0.425509,0.048955,1.005700,-0.601291,3.109129,-0.396728,11.660150,-0.919735,-0.087379,-0.036553,-0.380931
0.214621,0.422152,-0.832304,-3.780660,-0.545564,8.001599,-0.871678,0.119905,-0.209958,-0.426273,-0.111744,0.026606,-1.913490,2.494505,0.868530,8.509517,-0.903651,-0.125667,0.024587,-0.408668,-0.062790,0.843936,-0.706650,5.864865,-0.486450,13.734734,-0.922035,-0.083185,-0.042780,-0.375623
0.295615,0.495237,-0.742583,-4.144369,-0.392423,8.221739,-0.874572,0.121147,-0.212835,-0.418497,-0.086203,0.234131,-1.457998,2.038573,1.218261,9.090571,-0.909494,-0.123757,0.022251,-0.396234,-0.201140,-0.175598,-0.984415,4.704587,1.271972,12.067864,-0.925790,-0.081949,-0.039381,-0.366931
0.286343,0.448877,-0.750219,-4.354937,-0.153141,8.738588,-0.877352,0.120636,-0.216047,-0.411116,-0.102166,0.369289,-0.890763,1.378173,1.969603,9.636225,-0.912966,-0.121455,0.018220,-0.389103,-0.225617,-0.543823,-1.112123,1.743773,1.356200,10.587152,-0.929973,-0.081597,-0.032819,-0.356940
0.283616,0.354247,-0.745037,-4.345366,-0.392423,9.159725,-0.880392,0.120588,-0.217782,-0.403648,-0.161763,-0.006385,-0.481033,1.716308,2.283934,9.723505,-0.914735,-0.120678,0.018781,-0.385143,-0.229874,-0.605548,-0.929075,-0.029297,1.211547,9.108272,-0.933296,-0.080772,-0.026921,-0.348859
0.332703,0.278980,-0.718585,-4.106084,-0.756132,9.408579,-0.883515,0.120261,-0.218936,-0.396229,-0.230938,-0.023413,-0.655567,2.404784,2.325438,9.651484,-0.917229,-0.119594,0.020169,-0.379438,-0.173470,-0.363967,-0.290535,-0.238037,0.906372,7.991328,-0.934259,-0.079440,-0.023388,-0.346836
0.354520,0.197713,-0.667043,-4.153940,-0.775275,9.064013,-0.886585,0.119462,-0.219494,-0.389243,-0.300114,-0.201140,-0.840744,3.059080,1.926268,9.536737,-0.920446,-0.118334,0.023680,-0.371764,-0.091524,0.075561,0.226682,-0.823364,0.496826,8.318477,-0.933406,-0.076909,-0.024359,-0.349625
0.330794,0.078540,-0.634045,-4.182654,-0.344566,8.642876,-0.889662,0.117358,-0.219203,-0.382975,-0.285214,-0.211782,-1.050397,3.430174,1.676635,9.261469,-0.924338,-0.117213,0.027108,-0.362101,-0.037248,0.450170,0.214975,-1.402587,0.707397,9.804071,-0.932480,-0.073694,-0.029400,-0.352388
0.286343,-0.016362,-0.633227,-4.316652,-0.162712,7.972885,-0.892375,0.114255,-0.219808,-0.377211,-0.224553,0.045762,-1.089774,2.853392,1.832274,9.322504,-0.928233,-0.115794,0.027715,-0.352418,-0.021285,0.221360,-0.337362,-2.376097,0.645752,10.462030,-0.933590,-0.071318,-0.033008,-0.349608
0.232620,0.043088,-0.525780,-4.498507,-0.172283,7.609176,-0.894059,0.113346,-0.222254,-0.372031,-0.214975,-0.085139,-0.583199,1.973266,1.730346,9.212641,-0.930200,-0.114514,0.029700,-0.347455,-0.029799,-0.139414,-1.128086,-2.173461,0.560913,10.182489,-0.937524,-0.069783,-0.033696,-0.339170
0.172624,0.143990,-0.350702,-4.603791,-0.172283,7.743174,-0.894772,0.112946,-0.225568,-0.368426,-0.178791,0.028734,-0.371417,1.787108,1.769408,9.024043,-0.931389,-0.113209,0.030512,-0.344616,-0.058533,-0.264994,-1.233445,-0.650024,0.864257,10.101313,-0.941613,-0.068415,-0.032255,-0.328081
0.138263,0.169351,-0.231529,-4.565506,-0.277567,8.011170,-0.894935,0.112551,-0.229102,-0.365962,-0.135158,0.141543,-0.291600,1.983641,1.599730,9.293207,-0.932299,-0.111648,0.030507,-0.342657,-0.091524,-0.302242,-0.640668,1.303710,0.961303,9.746698,-0.943672,-0.068377,-0.027872,-0.322524
0.114537,0.144535,-0.164443,-4.584648,-0.296710,8.231310,-0.895701,0.111290,-0.229308,-0.364340,-0.103231,0.176663,-0.160699,2.058104,1.275634,9.475702,-0.932779,-0.109772,0.030389,-0.341968,-0.096845,-0.039377,-0.053212,1.679687,1.210326,9.205317,-0.943726,-0.068027,-0.025560,-0.322633
0.108810,0.113992,-0.109628,-4.508078,-0.363709,8.260024,-0.896424,0.110995,-0.228835,-0.362946,-0.105359,0.105359,-0.150057,2.073973,1.041870,9.595331,-0.933238,-0.107849,0.030998,-0.341272,-0.098974,0.322462,0.379931,0.767211,1.230468,9.331049,-0.942198,-0.066419,-0.026776,-0.327301
0.114810,0.092448,-0.067632,-4.536792,-0.392423,8.346166,-0.897048,0.110642,-0.228230,-0.361893,-0.118130,0.018092,-0.207525,2.005614,1.058349,9.455561,-0.933868,-0.106175,0.032380,-0.339943,-0.100038,0.380995,0.399087,-0.263061,1.182250,10.090326,-0.940562,-0.063770,-0.029980,-0.332221
0.104720,0.076358,-0.032998,-4.527220,-0.507278,8.307880,-0.897492,0.111133,-0.227716,-0.360963,-0.143671,0.025542,-0.216039,1.911010,1.171874,9.405512,-0.934526,-0.104374,0.033667,-0.338564,-0.079817,0.114937,0.070239,-1.080322,0.979614,10.142206,-0.940198,-0.061614,-0.031850,-0.333480
0.094630,0.083449,-0.006000,-4.651647,-0.583849,8.240881,-0.897539,0.112445,-0.228242,-0.360108,-0.159635,0.038312,-0.107487,1.911010,1.097412,9.655756,-0.934842,-0.102205,0.034960,-0.338221,-0.034055,-0.110680,-0.337362,-0.988159,0.419922,9.689936,-0.941295,-0.060000,-0.031555,-0.330695
0.076358,0.115083,0.005727,-4.709075,-0.535992,8.221739,-0.897324,0.114056,-0.229468,-0.359356,-0.158571,0.107487,0.060661,1.782836,0.971069,9.851679,-0.934636,-0.099472,0.035608,-0.339536,-0.012771,-0.116001,-0.443785,-0.513305,0.325317,9.490961,-0.942693,-0.058544,-0.030689,-0.327035
0.068995,0.086448,0.002454,-4.881358,-0.545564,8.193025,-0.896943,0.115339,-0.231312,-0.358715,-0.120258,0.107487,0.123451,1.646728,0.877685,9.787592,-0.934196,-0.096920,0.036053,-0.341433,0.004257,-0.003193,-0.322462,0.091553,0.421142,9.671625,-0.943587,-0.057359,-0.029964,-0.324726
0.074449,0.049633,0.011999,-4.833502,-0.392423,8.212168,-0.896431,0.115511,-0.233622,-0.358444,-0.064918,0.072368,0.068111,1.491698,0.866088,9.655756,-0.933891,-0.094954,0.036394,-0.342782,0.005321,0.076625,-0.114937,0.186767,0.596923,9.907221,-0.943736,-0.056288,-0.029784,-0.324499
0.073086,0.029180,0.035997,-4.852644,-0.133998,8.212168,-0.896019,0.113389,-0.235400,-0.358986,-0.021285,0.026606,-0.086203,1.250610,1.067504,9.582514,-0.934051,-0.093765,0.036313,-0.342681,0.004257,0.105359,0.037248,0.093994,0.813598,9.945063,-0.943331,-0.055435,-0.029982,-0.325802
0.071995,0.007909,0.062450,-4.804788,-0.162712,8.279166,-0.895743,0.110777,-0.236335,-0.359875,-0.025542,0.026606,-0.089396,1.370849,1.182861,9.691767,-0.934178,-0.092887,0.036399,-0.342566,-0.005321,0.071304,0.161763,-0.028076,0.850830,9.852900,-0.942520,-0.054649,-0.029977,-0.328273
0.070086,-0.032725,0.076085,-4.776074,-0.210568,8.240881,-0.895622,0.107956,-0.236478,-0.360938,-0.061725,0.005321,0.002128,1.671752,1.040038,9.872431,-0.934003,-0.091709,0.037463,-0.343244,-0.006385,0.010642,0.113873,-0.043945,0.924682,9.787592,-0.941870,-0.054193,-0.029498,-0.330250
0.055632,-0.046633,0.088903,-4.737789,-0.162712,8.154739,-0.895222,0.105424,-0.237345,-0.362109,-0.078753,0.009578,0.088331,1.737670,1.080932,9.674677,-0.933526,-0.090564,0.038699,-0.344706,0.008514,-0.015963,-0.073432,-0.170288,0.989379,9.765009,-0.941828,-0.053959,-0.029235,-0.330434
0.037906,-0.029452,0.098447,-4.728218,-0.086142,8.145168,-0.894744,0.103039,-0.238226,-0.363396,-0.060661,0.043634,0.118130,1.427001,1.090698,9.552607,-0.932958,-0.089288,0.039034,-0.346535,0.005321,-0.085139,-0.089396,-0.353393,1.022338,9.608149,-0.941855,-0.053903,-0.028748,-0.330408
0.013090,-0.018544,0.117810,-4.709075,0.009571,8.145168,-0.894216,0.100743,-0.238839,-0.364932,-0.032991,0.064918,0.068111,1.026611,1.050414,9.691156,-0.932632,-0.087834,0.038163,-0.347877,0.019156,-0.005321,-0.022349,-0.426636,1.073608,9.484247,-0.941623,-0.053823,-0.029231,-0.331038
-0.008454,-0.040361,0.126809,-4.747360,0.076570,8.068598,-0.893454,0.099164,-0.240021,-0.366453,-0.029799,0.106423,0.096845,1.303710,1.058959,9.675287,-0.932146,-0.086548,0.037541,-0.349565,0.026606,0.080882,0.103231,-0.293579,1.055908,9.486078,-0.940933,-0.053623,-0.030189,-0.332941
-0.016362,-0.045815,0.116446,-4.689932,0.038285,8.106883,-0.893009,0.096982,-0.240077,-0.368083,-0.035120,0.084074,0.056404,1.369018,1.129760,9.682611,-0.931771,-0.085569,0.037213,-0.350838,0.023413,0.100038,0.111744,-0.067749,0.986328,9.628901,-0.940218,-0.053332,-0.030763,-0.334951
-0.030816,-0.034088,0.104992,-4.785645,0.124427,8.030313,-0.892205,0.096468,-0.241500,-0.369233,-0.029799,0.073432,0.028734,1.244506,1.174316,9.688105,-0.931493,-0.084724,0.036648,-0.351841,0.027670,0.118130,0.018092,0.108643,1.027221,9.823603,-0.939815,-0.053165,-0.031259,-0.336060
-0.036543,-0.046906,0.086721,-4.862216,0.076570,8.068598,-0.891516,0.096876,-0.242694,-0.370008,-0.027670,0.090460,0.071304,1.098022,1.164550,9.749750,-0.931092,-0.083707,0.035659,-0.353244,0.021285,0.004257,0.013835,0.009766,1.090087,9.771723,-0.939450,-0.053384,-0.030865,-0.337080